1496667584418925133	1496667584.42	0.641328605811	1.8330000639	
1496667584418925133	1496667584.42	0.641328605811	1.8330000639	
1496667584586894496	1496667584.59	0.610846735409	1.88300013542	
1496667584718916869	1496667584.72	0.628248621396	1.96900010109	
1496667584718916869	1496667584.72	0.628248621396	1.96900010109	
1496667584850948804	1496667584.85	0.64726485434	2.02700018883	
1496667584986892398	1496667584.99	0.67314860026	2.08800005913	
1496667585150924042	1496667585.15	0.69254100845	2.15300011635	
1496667585150924042	1496667585.15	0.69254100845	2.15300011635	
1496667585286952842	1496667585.29	0.693493336042	2.19400000572	
1496667585450925381	1496667585.45	0.675498090017	2.23699998856	
1496667585450925381	1496667585.45	0.675498090017	2.23699998856	
1496667585587520462	1496667585.59	0.64556572846	2.26600003242	
1496667585718933804	1496667585.72	0.610626681646	2.31200003624	
1496667585718933804	1496667585.72	0.610626681646	2.31200003624	
1496667585887833916	1496667585.89	0.548124816077	2.32700014114	
1496667586018929019	1496667586.02	0.51488577434	2.37600016594	
1496667586018929019	1496667586.02	0.51488577434	2.37600016594	
1496667586187615250	1496667586.19	0.498323850632	2.42600011826	
1496667586318930966	1496667586.32	0.485620026588	2.4430000782	
1496667586318930966	1496667586.32	0.485620026588	2.4430000782	
1496667586450917997	1496667586.45	0.476280054365	2.47800016403	
1496667586486885793	1496667586.49	0.469200053896	2.47800016403	
1496667586586886423	1496667586.59	0.452297199113	2.51400017738	
1496667586586886423	1496667586.59	0.452297199113	2.51400017738	
1496667586886875890	1496667586.89	0.294028587795	2.53200006485	
1496667587018893100	1496667587.02	0.233226693471	2.55100011826	
1496667587018893100	1496667587.02	0.233226693471	2.55100011826	
1496667587186898539	1496667587.19	0.178790511177	2.57000017166	
1496667587318884929	1496667587.32	0.153074329013	2.58900022507	
1496667587318884929	1496667587.32	0.153074329013	2.58900022507	
1496667587486867610	1496667587.49	0.106225753512	2.58900022507	
1496667587486867610	1496667587.49	0.106225753512	2.58900022507	
1496667587650916230	1496667587.65	0.0301990772429	2.60900020599	
1496667587686880941	1496667587.69	0.0103209804353	2.60900020599	
1496667587686880941	1496667587.69	0.0103209804353	2.60900020599	
1496667587786882892	1496667587.79	-0.0443437857855	2.60900020599	
1496667588086882671	1496667588.09	-0.167066656748	2.66900014877	
1496667588086882671	1496667588.09	-0.167066656748	2.66900014877	
1496667588250890930	1496667588.25	-0.21027904011	2.66900014877	
1496667588386879961	1496667588.39	-0.255333331426	2.69000005722	
1496667588386879961	1496667588.39	-0.255333331426	2.69000005722	
1496667588550884591	1496667588.55	-0.352745714869	2.71100020409	
1496667588718892768	1496667588.72	-0.448276198251	2.71100020409	
1496667588718892768	1496667588.72	-0.448276198251	2.71100020409	
1496667588850896178	1496667588.85	-0.502496202333	2.71100020409	
1496667589018879240	1496667589.02	-0.541224776677	2.71100020409	
1496667589018879240	1496667589.02	-0.541224776677	2.71100020409	
1496667589150884585	1496667589.15	-0.572207636152	2.71100020409	
1496667589318884023	1496667589.32	-0.64966478484	2.71100020409	
1496667589318884023	1496667589.32	-0.64966478484	2.71100020409	
1496667589350884533	1496667589.35	-0.665156214578	2.71100020409	
1496667589618860561	1496667589.62	-0.800000977743	2.66900014877	
1496667589618860561	1496667589.62	-0.800000977743	2.66900014877	
1496667589754867271	1496667589.75	-0.849571460542	2.64900016785	
1496667589918966799	1496667589.92	-0.888326705297	2.62900018692	
1496667589918966799	1496667589.92	-0.888326705297	2.62900018692	
1496667590054894945	1496667590.05	-0.906556234814	2.60900020599	
1496667590219387703	1496667590.22	-0.954457183565	2.57000017166	
1496667590219387703	1496667590.22	-0.954457183565	2.57000017166	
1496667590386860329	1496667590.39	-1.02261144593	2.53200006485	
1496667590386860329	1496667590.39	-1.02261144593	2.53200006485	
1496667590554888622	1496667590.55	-1.08132004874	2.47800016403	
1496667590686932102	1496667590.69	-1.1197800248	2.4430000782	
1496667590686932102	1496667590.69	-1.1197800248	2.4430000782	
1496667590854873203	1496667590.85	-1.15372387659	2.39200019836	
1496667591018893652	1496667591.02	-1.16393434638	2.34300017357	
1496667591018893652	1496667591.02	-1.16393434638	2.34300017357	
1496667591154873135	1496667591.15	-1.16181528727	2.28100013733	
1496667591318883935	1496667591.32	-1.16010001818	2.22300004959	
1496667591318883935	1496667591.32	-1.16010001818	2.22300004959	
1496667591486884965	1496667591.49	-1.16846002102	2.16700005531	
1496667591618884237	1496667591.62	-1.16939240864	2.10100007057	
1496667591618884237	1496667591.62	-1.16939240864	2.10100007057	
1496667591786868273	1496667591.79	-1.19167049045	2.03900003433	
1496667591786868273	1496667591.79	-1.19167049045	2.03900003433	
1496667591954871040	1496667591.95	-1.189800059	1.98000013828	
1496667592086855292	1496667592.09	-1.18208957082	1.93600010872	
1496667592086855292	1496667592.09	-1.18208957082	1.93600010872	
1496667592254860481	1496667592.25	-1.53615340801	3.07300019264	-1.14468001842	1.90400004387	
1496667592418879347	1496667592.42	-1.53615340801	3.07300019264	-1.08171339035	1.87300014496	
1496667592418879347	1496667592.42	-1.53615340801	3.07300019264	-1.08171339035	1.87300014496	
1496667592554851527	1496667592.55	-1.53615340801	3.07300019264	-1.01384477808	1.85300004482	
1496667592719039573	1496667592.72	-1.53615340801	3.07300019264	-0.943780020873	1.8330000639	
1496667592719039573	1496667592.72	-1.53615340801	3.07300019264	-0.943780020873	1.8330000639	
1496667592886863995	1496667592.89	-1.53615340801	3.07300019264	-0.899944804737	1.80400013924	
1496667593054868352	1496667593.05	-1.53615340801	3.07300019264	-0.86361337026	1.76800012589	
1496667593054868352	1496667593.05	-1.53615340801	3.07300019264	-0.86361337026	1.76800012589	
1496667593186863894	1496667593.19	-1.53615340801	3.07300019264	-0.827468588693	1.75900006294	
1496667593354869081	1496667593.35	"1/0"	"1/0"	-0.751666694369	1.75000011921	
1496667593354869081	1496667593.35	"1/0"	"1/0"	-0.751666694369	1.75000011921	
1496667593486868773	1496667593.49	"1/0"	"1/0"	-0.673302867753	1.74100005627	
1496667593486868773	1496667593.49	"1/0"	"1/0"	-0.673302867753	1.74100005627	
1496667593654876033	1496667593.65	"1/0"	"1/0"	-0.602004770211	1.74100005627	
1496667593786880800	1496667593.79	"1/0"	"1/0"	-0.567184769085	1.74100005627	
1496667593786880800	1496667593.79	"1/0"	"1/0"	-0.567184769085	1.74100005627	
1496667593954863101	1496667593.95	"1/0"	"1/0"	-0.534022863252	1.74100005627	
1496667594118881066	1496667594.12	"1/0"	"1/0"	-0.488333343097	1.75000011921	
1496667594118881066	1496667594.12	"1/0"	"1/0"	-0.488333343097	1.75000011921	
1496667594254841295	1496667594.25	"1/0"	"1/0"	-0.439293340047	1.76800012589	
1496667594418859353	1496667594.42	"1/0"	"1/0"	-0.351769524075	1.77700006962	
1496667594418859353	1496667594.42	"1/0"	"1/0"	-0.351769524075	1.77700006962	
1496667594554836913	1496667594.55	"1/0"	"1/0"	-0.273919997215	1.77700006962	
1496667594718892038	1496667594.72	"1/0"	"1/0"	-0.195316179366	1.78600013256	
1496667594718892038	1496667594.72	"1/0"	"1/0"	-0.195316179366	1.78600013256	
1496667594854885087	1496667594.85	"1/0"	"1/0"	-0.153533325195	1.79500007629	
1496667595018860621	1496667595.02	"1/0"	"1/0"	-0.121052371434	1.79500007629	
1496667595018860621	1496667595.02	"1/0"	"1/0"	-0.121052371434	1.79500007629	
1496667595054860368	1496667595.05	"1/0"	"1/0"	-0.115923799787	1.79500007629	
1496667595318861953	1496667595.32	"1/0"	"1/0"	-0.016843784196	1.80400013924	
1496667595318861953	1496667595.32	"1/0"	"1/0"	-0.016843784196	1.80400013924	
1496667595454834262	1496667595.45	"1/0"	"1/0"	0.0639066982269	1.80400013924	
1496667595618866053	1496667595.62	"1/0"	"1/0"	0.176404784066	1.79500007629	
1496667595618866053	1496667595.62	"1/0"	"1/0"	0.176404784066	1.79500007629	
1496667595754842276	1496667595.75	"1/0"	"1/0"	0.243948594502	1.77700006962	
1496667595954825071	1496667595.95	"1/0"	"1/0"	0.313333378179	1.75000011921	
1496667595954825071	1496667595.95	"1/0"	"1/0"	0.313333378179	1.75000011921	
1496667596086839557	1496667596.09	"1/0"	"1/0"	0.327790495555	1.72300004959	
1496667596254820847	1496667596.25	"1/0"	"1/0"	0.377676214945	1.69000005722	
1496667596254820847	1496667596.25	"1/0"	"1/0"	0.377676214945	1.69000005722	
1496667596386839372	1496667596.39	"1/0"	"1/0"	0.434579078129	1.65700006485	
1496667596418841408	1496667596.42	"1/0"	"1/0"	0.456672412327	1.65700006485	
1496667596418841408	1496667596.42	"1/0"	"1/0"	0.456672412327	1.65700006485	
1496667596418841408	1496667596.42	"1/0"	"1/0"	0.456672412327	1.65700006485	
1496667596418841408	1496667596.42	"1/0"	"1/0"	0.456672412327	1.65700006485	
1496667596418841408	1496667596.42	"1/0"	"1/0"	0.456672412327	1.65700006485	
1496667596418841408	1496667596.42	"1/0"	"1/0"	0.456672412327	1.65700006485	
1496667596418841408	1496667596.42	"1/0"	"1/0"	0.456672412327	1.65700006485	
1496667596418841408	1496667596.42	"1/0"	"1/0"	0.456672412327	1.65700006485	
1496667596418841408	1496667596.42	"1/0"	"1/0"	0.456672412327	1.65700006485	
1496667596418841408	1496667596.42	"1/0"	"1/0"	0.456672412327	1.65700006485	
1496667596418841408	1496667596.42	"1/0"	"1/0"	0.456672412327	1.65700006485	
1496667596418841408	1496667596.42	"1/0"	"1/0"	0.456672412327	1.65700006485	
1496667596418841408	1496667596.42	"1/0"	"1/0"	0.456672412327	1.65700006485	
1496667596418841408	1496667596.42	"1/0"	"1/0"	0.456672412327	1.65700006485	
1496667596418841408	1496667596.42	"1/0"	"1/0"	0.456672412327	1.65700006485	
1496667596418841408	1496667596.42	"1/0"	"1/0"	0.456672412327	1.65700006485	
1496667596418841408	1496667596.42	"1/0"	"1/0"	0.456672412327	1.65700006485	
1496667596418841408	1496667596.42	"1/0"	"1/0"	0.456672412327	1.65700006485	
1496667596418841408	1496667596.42	"1/0"	"1/0"	0.456672412327	1.65700006485	
1496667596418841408	1496667596.42	"1/0"	"1/0"	0.456672412327	1.65700006485	
1496667596418841408	1496667596.42	"1/0"	"1/0"	0.456672412327	1.65700006485	
1496667596418841408	1496667596.42	"1/0"	"1/0"	0.456672412327	1.65700006485	
1496667596418841408	1496667596.42	"1/0"	"1/0"	0.456672412327	1.65700006485	
1496667596418841408	1496667596.42	"1/0"	"1/0"	0.456672412327	1.65700006485	
1496667596418841408	1496667596.42	"1/0"	"1/0"	0.456672412327	1.65700006485	
1496667596418841408	1496667596.42	"1/0"	"1/0"	0.456672412327	1.65700006485	
1496667596418841408	1496667596.42	"1/0"	"1/0"	0.456672412327	1.65700006485	
1496667596418841408	1496667596.42	"1/0"	"1/0"	0.456672412327	1.65700006485	
1496667596418841408	1496667596.42	"1/0"	"1/0"	0.456672412327	1.65700006485	
