1 1496667580.37 0.585126 0.00593925
1 1496667580.47 0.608626 0.0287795
1 1496667580.57 0.644272 0.0531952
1 1496667580.67 0.675494 0.081039
1 1496667580.77 0.711658 0.118837
1 1496667580.87 0.741228 0.15263
1 1496667580.97 0.766318 0.185112
1 1496667581.07 0.777504 0.217199
1 1496667581.17 0.780476 0.249728
1 1496667581.27 0.779264 0.283728
1 1496667581.37 0.771356 0.321629
1 1496667581.47 0.754351 0.363398
1 1496667581.57 0.737033 0.40527
1 1496667581.67 0.727392 0.446766
1 1496667581.77 0.726005 0.488616
1 1496667581.87 0.739537 0.531958
1 1496667581.97 0.757429 0.575808
1 1496667582.07 0.773474 0.619089
1 1496667582.17 0.792197 0.665395
1 1496667582.27 0.811384 0.712626
1 1496667582.37 0.82134 0.759943
1 1496667582.47 0.823881 0.807129
1 1496667582.57 0.817307 0.854932
1 1496667582.67 0.803909 0.904315
1 1496667582.77 0.78477 0.957315
1 1496667582.87 0.761388 1.01035
1 1496667582.97 0.734399 1.06261
1 1496667583.07 0.70663 1.11292
1 1496667583.17 0.685897 1.16172
1 1496667583.27 0.678801 1.20913
1 1496667583.37 0.679602 1.25654
1 1496667583.47 0.680063 1.30774
1 1496667583.57 0.684222 1.36407
1 1496667583.68 0.692134 1.42409
1 1496667583.78 0.695741 1.49015
1 1496667583.88 0.692616 1.54836
1 1496667583.98 0.685757 1.59964
1 1496667584.08 0.674026 1.64746
1 1496667584.18 0.657422 1.69329
1 1496667584.28 0.638158 1.73868
1 1496667584.38 0.618731 1.78466
1 1496667584.48 0.604433 1.8313
1 1496667584.58 0.599648 1.87434
1 1496667584.68 0.603477 1.9162
1 1496667584.78 0.612522 1.95726
1 1496667584.88 0.626543 2.00015
1 1496667584.98 0.642887 2.04393
1 1496667585.08 0.653765 2.08666
1 1496667585.18 0.659666 2.12594
1 1496667585.28 0.657846 2.15939
1 1496667585.38 0.64713 2.18715
1 1496667585.48 0.629418 2.21189
1 1496667585.58 0.60408 2.23515
1 1496667585.68 0.574308 2.25868
1 1496667585.78 0.539819 2.28234
1 1496667585.88 0.507409 2.30713
1 1496667585.98 0.485324 2.33322
1 1496667586.08 0.477288 2.35689
1 1496667586.18 0.475139 2.37934
1 1496667586.28 0.475859 2.40127
1 1496667586.38 0.474274 2.42387
1 1496667586.48 0.463982 2.44467
1 1496667586.58 0.438699 2.46456
1 1496667586.68 0.402394 2.48035
1 1496667586.78 0.355774 2.49464
1 1496667586.88 0.302414 2.50921
1 1496667586.98 0.251175 2.52342
1 1496667587.08 0.210376 2.53721
1 1496667587.18 0.183563 2.54868
1 1496667587.28 0.168054 2.55713
1 1496667587.38 0.150358 2.56662
1 1496667587.48 0.12192 2.57566
1 1496667587.58 0.0765704 2.58647
1 1496667587.68 0.0116576 2.59837
1 1496667587.78 -0.0516551 2.61035
1 1496667587.88 -0.105222 2.62467
1 1496667587.98 -0.143203 2.63944
1 1496667588.08 -0.168218 2.6513
1 1496667588.18 -0.182903 2.66117
1 1496667588.28 -0.214959 2.67135
1 1496667588.38 -0.262159 2.68019
1 1496667588.48 -0.32513 2.68286
1 1496667588.58 -0.391081 2.68184
1 1496667588.68 -0.447182 2.68318
1 1496667588.78 -0.488581 2.68738
1 1496667588.88 -0.512128 2.68934
1 1496667588.98 -0.521486 2.68772
1 1496667589.08 -0.534091 2.68775
1 1496667589.18 -0.561079 2.68547
1 1496667589.28 -0.606421 2.68247
1 1496667589.38 -0.66715 2.6751
1 1496667589.48 -0.731599 2.66766
1 1496667589.58 -0.787687 2.66044
1 1496667589.68 -0.827832 2.65023
1 1496667589.78 -0.851847 2.63672
1 1496667589.88 -0.860413 2.6209
1 1496667589.98 -0.867272 2.60568
1 1496667590.08 -0.883856 2.58719
1 1496667590.18 -0.916378 2.56528
1 1496667590.28 -0.960358 2.54045
1 1496667590.38 -1.01037 2.51618
1 1496667590.48 -1.05167 2.49443
1 1496667590.58 -1.07905 2.47078
1 1496667590.68 -1.09854 2.44315
1 1496667590.78 -1.10837 2.41135
1 1496667590.88 -1.10938 2.37569
1 1496667590.98 -1.10041 2.33564
1 1496667591.08 -1.09618 2.2946
1 1496667591.18 -1.09219 2.25581
1 1496667591.28 -1.09707 2.22131
1 1496667591.38 -1.10524 2.18738
1 1496667591.48 -1.11759 2.15288
1 1496667591.58 -1.13658 2.11663
1 1496667591.68 -1.16067 2.07942
1 1496667591.78 -1.18156 2.04302
1 1496667591.88 -1.19312 2.01186
1 1496667591.98 -1.1944 1.98461
1 1496667592.08 -1.18877 1.95873
1 1496667592.18 -1.17381 1.93461
1 1496667592.28 -1.14457 1.91161
1 1496667592.38 -1.10108 1.89013
1 1496667592.48 -1.0521 1.87121
1 1496667592.58 -1.00237 1.8553
1 1496667592.68 -0.962278 1.84071
1 1496667592.78 -0.938667 1.82558
1 1496667592.88 -0.927363 1.81005
1 1496667592.98 -0.92203 1.79631
1 1496667593.08 -0.905125 1.78389
1 1496667593.18 -0.876304 1.77264
1 1496667593.28 -0.833089 1.76375
1 1496667593.38 -0.775184 1.75831
1 1496667593.48 -0.708936 1.75621
1 1496667593.58 -0.652279 1.75662
1 1496667593.68 -0.609436 1.75857
1 1496667593.78 -0.587938 1.75912
1 1496667593.88 -0.581399 1.76099
1 1496667593.98 -0.566037 1.76439
1 1496667594.08 -0.542603 1.77143
1 1496667594.18 -0.506616 1.77741
1 1496667594.28 -0.462358 1.78097
1 1496667594.38 -0.402741 1.78325
1 1496667594.48 -0.332097 1.78609
1 1496667594.58 -0.264859 1.79052
1 1496667594.68 -0.210409 1.79449
1 1496667594.78 -0.178219 1.79866
1 1496667594.88 -0.162151 1.80265
1 1496667594.98 -0.145464 1.80693
1 1496667595.08 -0.121596 1.81052
1 1496667595.18 -0.0839994 1.81093
1 1496667595.28 -0.0367992 1.80692
1 1496667595.38 0.0252544 1.7987
1 1496667595.48 0.100332 1.78868
1 1496667595.58 0.170791 1.77907
1 1496667595.68 0.22889 1.76894
1 1496667595.78 0.267297 1.75734
1 1496667595.88 0.282371 1.74499
1 1496667595.98 0.283273 1.73009
1 1496667596.08 0.28765 1.71235
1 1496667596.18 0.307992 1.69315
1 1496667596.29 0.349629 1.6671
1 1496667596.39 0.404887 1.63739
1 1496667596.49 0.468195 1.60463
1 1496667596.59 0.528059 1.56952
1 1496667596.69 0.569143 1.53088
1 1496667596.79 0.597205 1.48742
1 1496667596.89 0.615381 1.43687
1 1496667596.99 0.621056 1.37944
1 1496667597.09 0.618441 1.31606
1 1496667597.19 0.611207 1.2477
1 1496667597.29 0.601048 1.18074
1 1496667597.39 0.603368 1.11413
1 1496667597.49 0.609366 1.04552
1 1496667597.59 0.624932 0.97267
1 1496667597.69 0.647363 0.893068
1 1496667597.79 0.670476 0.809662
1 1496667597.89 0.688714 0.728437
1 1496667597.99 0.70003 0.653813
1 1496667598.09 0.699259 0.58093
1 1496667598.19 0.689702 0.504601
1 1496667598.29 0.676047 0.421976
1 1496667598.39 0.652194 0.332132
1 1496667598.49 0.618763 0.237431
1 1496667598.59 0.593879 0.155386
1 1496667598.69 0.574909 0.0851667
1 1496667598.79 0.562485 0.0160511
1 1496667598.89 0.551773 -0.0553281
1 1496667598.99 0.548522 -0.129198
1 1496667599.09 0.551548 -0.211245
1 1496667599.19 0.556078 -0.29543
1 1496667599.29 0.557621 -0.366649
1 1496667599.39 0.552736 -0.42727
1 1496667599.49 0.547721 -0.474264
1 1496667599.59 0.544945 -0.510736
