1	1497260813.64	1.0251840353	-2.8258535862	
1	1497260813.74	1.03062868118	-2.83327078819	
1	1497260813.84	1.0453299284	-2.84815406799	
1	1497260813.94	1.06676518917	-2.86373758316	
1	1497260814.04	1.09799921513	-2.87855696678	
1	1497260814.14	1.13930249214	-2.88497447968	
1	1497260814.24	1.13930261135	-2.88497447968	
1	1497260814.34	1.13930261135	-2.88497447968	
1	1497260814.44	1.26021277905	-2.8888938427	
1	1497260814.54	1.26021277905	-2.8888938427	
1	1497260814.64	1.26021277905	-2.8888938427	
1	1497260814.74	1.26021277905	-2.8888938427	
1	1497260814.84	1.26021277905	-2.8888938427	
1	1497260814.94	1.26021277905	-2.8888938427	
1	1497260815.04	1.26021277905	-2.8888938427	
1	1497260815.14	1.26021277905	-2.8888938427	
1	1497260815.24	1.26021277905	-2.8888938427	
1	1497260815.34	1.26021277905	-2.8888938427	
1	1497260815.44	1.26021277905	-2.8888938427	
1	1497260815.54	1.47140264511	-2.4606487751	
1	1497260815.64	1.51026272774	-2.41685724258	
1	1497260815.74	1.55483710766	-2.3774933815	
1	1497260815.84	1.58721494675	-2.34609174728	
1	1497260815.94	1.58721494675	-2.34609174728	
1	1497260816.04	1.61853325367	-2.25179982185	
1	1497260816.14	1.61917698383	-2.19094443321	
1	1497260816.24	1.6094096899	-2.12795686722	
1	1497260816.34	1.59947824478	-2.0634727478	
1	1497260816.44	1.58245635033	-1.99976325035	
1	1497260816.54	1.57326722145	-1.94538426399	
1	1497260816.64	1.57519555092	-1.89601516724	
1	1497260816.74	1.58367860317	-1.8463152647	
1	1497260816.84	1.60427737236	-1.79390573502	
1	1497260816.94	1.63451087475	-1.73846685886	
1	1497260817.04	1.66619181633	-1.68136203289	
1	1497260817.14	1.69324183464	-1.62718856335	
1	1497260817.24	1.70994019508	-1.57579886913	
1	1497260817.34	1.71623551846	-1.52398705482	
1	1497260817.44	1.71646749973	-1.46799361706	
1	1497260817.54	1.71052384377	-1.40772140026	
1	1497260817.64	1.70108568668	-1.34302949905	
1	1497260817.74	1.69341945648	-1.27959835529	
1	1497260817.84	1.6835129261	-1.22191393375	
1	1497260817.94	1.68474447727	-1.17148029804	
1	1497260818.04	1.69929230213	-1.12352836132	
1	1497260818.14	1.72801470757	-1.07286584377	
1	1497260818.24	1.76939964294	-1.01380109787	
1	1497260818.34	1.81375002861	-0.94976234436	
1	1497260818.44	1.85750687122	-0.884978592396	
1	1497260818.54	1.89874339104	-0.82708376646	
1	1497260818.64	1.92209410667	-0.772001028061	
1	1497260818.74	1.93459403515	-0.728663384914	
1	1497260818.84	1.93459403515	-0.728663384914	
1	1497260818.94	1.93459403515	-0.728663384914	
1	1497260819.04	1.93459403515	-0.728663384914	
1	1497260819.14	1.93459403515	-0.728663384914	
1	1497260819.24	1.93459403515	-0.728663384914	
1	1497260819.34	1.93459403515	-0.728663384914	
1	1497260819.44	1.83866643906	-0.356033414602	
1	1497260819.54	1.81395411491	-0.270132809877	
1	1497260819.64	1.78828084469	-0.191892117262	
1	1497260819.74	1.76142942905	-0.116623207927	
1	1497260819.84	1.73572075367	-0.0483229719102	
1	1497260819.94	1.70302546024	0.000139484967804	
1	1497260820.04	1.66450726986	0.0379012338817	
1	1497260820.14	1.61782824993	0.0586442239583	
1	1497260820.24	1.5641361475	0.0615258291364	
1	1497260820.34	1.50634300709	0.0550142042339	
1	1497260820.44	1.45081782341	0.0451066680253	
1	1497260820.54	1.40140223503	0.0383424423635	
1	1497260820.64	1.35734653473	0.0440954454243	
1	1497260820.74	1.31148326397	0.0561990216374	
1	1497260820.84	1.26123023033	0.0775354728103	
1	1497260820.94	1.20643627644	0.10670196265	
1	1497260821.04	1.14844810963	0.145852297544	
1	1497260821.14	1.09226667881	0.186322391033	
1	1497260821.24	1.04185640812	0.218872904778	
1	1497260821.34	0.996755063534	0.232444182038	
1	1497260821.44	0.950380086899	0.234630465508	
1	1497260821.54	0.900149464607	0.224235713482	
1	1497260821.64	0.843579947948	0.204296126962	
1	1497260821.75	0.781507849693	0.181309908628	
1	1497260821.84	0.721002042294	0.162181630731	
1	1497260821.95	0.667896747589	0.140475958586	
1	1497260822.04	0.617353618145	0.131978556514	
1	1497260822.14	0.564537763596	0.134812220931	
1	1497260822.24	0.504915177822	0.151571378112	
1	1497260822.34	0.435421347618	0.180344700813	
1	1497260822.44	0.360184490681	0.217019468546	
1	1497260822.54	0.287099868059	0.247988253832	
1	1497260822.64	0.221025198698	0.277456820011	
1	1497260822.74	0.166625916958	0.286506921053	
1	1497260822.84	0.112918496132	0.28665459156	
1	1497260822.94	0.0597691982985	0.276736080647	
1	1497260823.04	0.00880292244256	0.256203323603	
1	1497260823.14	-0.0415223948658	0.232757046819	
1	1497260823.24	-0.0864313021302	0.208491504192	
1	1497260823.34	-0.130306005478	0.195659950376	
1	1497260823.44	-0.17629148066	0.190157085657	
1	1497260823.54	-0.225967794657	0.183453842998	
1	1497260823.64	-0.279521584511	0.170756876469	
1	1497260823.74	-0.336185187101	0.150318935513	
1	1497260823.84	-0.39944973588	0.121990814805	
1	1497260823.94	-0.468939036131	0.0872497558594	
1	1497260824.04	-0.529837667942	0.0494995452464	
1	1497260824.14	-0.583734333515	0.0135410949588	
1	1497260824.24	-0.616177916527	-0.0228424072266	
1	1497260824.34	-0.637423634529	-0.0611208118498	
1	1497260824.44	-0.64975810051	-0.102886334062	
1	1497260824.54	-0.648834645748	-0.150251269341	
1	1497260824.64	-0.642921388149	-0.20218372345	
1	1497260824.74	-0.634801745415	-0.255025833845	
1	1497260824.84	-0.619599044323	-0.302590548992	
1	1497260824.94	-0.607766211033	-0.343859016895	
1	1497260825.04	-0.604529380798	-0.381994128227	
1	1497260825.14	-0.613452613354	-0.42174962163	
1	1497260825.24	-0.636407494545	-0.467729181051	
1	1497260825.34	-0.672495961189	-0.521720409393	
1	1497260825.44	-0.719430565834	-0.585231602192	
1	1497260825.54	-0.75810444355	-0.647141337395	
1	1497260825.64	-0.792459845543	-0.704218566418	
1	1497260825.74	-0.807119250298	-0.752504825592	
1	1497260825.84	-0.810690879822	-0.79838758707	
1	1497260825.95	-0.799707949162	-0.838740944862	
1	1497260826.04	-0.772280812263	-0.874225020409	
1	1497260826.14	-0.735386013985	-0.906433999538	
1	1497260826.24	-0.694923400879	-0.930999338627	
1	1497260826.34	-0.660485982895	-0.951185822487	
1	1497260826.44	-0.633355081081	-0.977650165558	
1	1497260826.54	-0.607441723347	-1.00888955593	
1	1497260826.64	-0.577309072018	-1.04235649109	
1	1497260826.74	-0.540933251381	-1.07725811005	
1	1497260826.84	-0.501048743725	-1.11976385117	
1	1497260826.94	-0.456349074841	-1.16231215	
1	1497260827.04	-0.412467837334	-1.20161819458	
1	1497260827.14	-0.3720677495	-1.23583543301	
1	1497260827.24	-0.330798178911	-1.25110125542	
1	1497260827.34	-0.284820497036	-1.25633430481	
1	1497260827.44	-0.233081772923	-1.24986481667	
1	1497260827.54	-0.17606908083	-1.23482191563	
1	1497260827.64	-0.115404225886	-1.21901035309	
1	1497260827.74	-0.0571745447814	-1.2040926218	
1	1497260827.85	-0.00473173707724	-1.18993282318	
1	1497260827.94	0.0463758558035	-1.1882455349	
1	1497260828.05	0.0995416119695	-1.1962351799	
1	1497260828.14	0.158216118813	-1.21388149261	
1	1497260828.24	0.220733582973	-1.24315464497	
1	1497260828.35	0.280567139387	-1.27269971371	
1	1497260828.44	0.333382546902	-1.29914438725	
1	1497260828.54	0.381560027599	-1.30726826191	
1	1497260828.64	0.431767523289	-1.30298781395	
1	1497260828.74	0.487884640694	-1.28894472122	
1	1497260828.84	0.553278386593	-1.27006602287	
1	1497260828.95	0.627968013287	-1.24931049347	
1	1497260829.04	0.711264610291	-1.2281910181	
1	1497260829.14	0.793022811413	-1.21029698849	
1	1497260829.24	0.866622328758	-1.2038795948	
1	1497260829.34	0.930938601494	-1.21049952507	
1	1497260829.44	0.986113965511	-1.22954010963	
1	1497260829.54	1.02953124046	-1.26382493973	
1	1497260829.64	1.06279587746	-1.30823171139	
1	1497260829.74	1.09033477306	-1.35461294651	
1	1497260829.84	1.11422979832	-1.39779829979	
1	1497260829.94	1.14647626877	-1.43376088142	
1	1497260830.04	1.18109178543	-1.47174453735	
1	1497260830.14	1.22082054615	-1.51308465004	
1	1497260830.24	1.26699876785	-1.56177711487	
1	1497260830.34	1.31449913979	-1.61366117001	
1	1497260830.44	1.36207854748	-1.66551959515	
1	1497260830.54	1.4063988924	-1.71559739113	
1	1497260830.64	1.43273556232	-1.76616501808	
1	1497260830.74	1.44678342342	-1.81999182701	
1	1497260830.84	1.44309508801	-1.8781888485	
1	1497260830.94	1.42135190964	-1.93926012516	
1	1497260831.05	1.39242577553	-2.00125217438	
1	1497260831.14	1.36404943466	-2.05946540833	
1	1497260831.25	1.34490060806	-2.11152935028	
1	1497260831.34	1.33982717991	-2.16072130203	
1	1497260831.44	1.33941257	-2.21472525597	
1	1497260831.54	1.34720861912	-2.27564907074	
1	1497260831.64	1.36090946198	-2.34503555298	
1	1497260831.74	1.37604498863	-2.42195105553	
1	1497260831.84	1.38534712791	-2.49767589569	
1	1497260831.94	1.39171934128	-2.56529307365	
1	1497260832.05	1.39094626904	-2.6271469593	
1	1497260832.14	1.39288318157	-2.63278007507	
1	1497260832.24	1.40194535255	-2.71725487709	
1	1497260832.35	1.40355861187	-2.7355196476	
1	1497260832.44	1.40355861187	-2.7355196476	
