1496668500130467941	1496668500.13	0.441366218282	2.03463274361	
1496668500229474986	1496668500.23	0.432537095344	2.06294896324	
1496668500330908566	1496668500.33	0.427506950492	2.10911308666	
1496668500430033744	1496668500.43	0.420097432521	2.15816046943	
1496668500530484653	1496668500.53	0.412757499682	2.207876675	
1496668500644454799	1496668500.64	0.414912842654	2.24977547856	
1496668500724207374	1496668500.72	0.416729898861	2.27707311656	
1496668500845544352	1496668500.85	0.407044982169	2.33204419484	
1496668500948507994	1496668500.95	0.401945794495	2.39816173976	
1496668501027885662	1496668501.03	0.402078394167	2.43469145583	
1496668501147971001	1496668501.15	0.400739425574	2.48782017068	
1496668501248289427	1496668501.25	0.395759587204	2.52722370445	
1496668501328604809	1496668501.33	0.389635447181	2.55003280985	
1496668501448282902	1496668501.45	0.372081188153	2.58836794902	
1496668501548746425	1496668501.55	0.348262428569	2.61572137813	
1496668501628594468	1496668501.63	0.333139239852	2.62998542171	
1496668501748699323	1496668501.75	0.309497903877	2.64944638501	
1496668501848618069	1496668501.85	0.27806837343	2.66655319138	
1496668501929104230	1496668501.93	0.260170788535	2.67261890225	
1496668502047877551	1496668502.05	0.223217222521	2.68547881688	
1496668502157173581	1496668502.16	0.202848239272	2.70073620078	
1496668502236044227	1496668502.24	0.195782213788	2.71088998386	
1496668502358110440	1496668502.36	0.164812214818	2.73167854602	
1496668502456621720	1496668502.46	0.134879044207	2.7415318796	
1496668502536609768	1496668502.54	0.113890538301	2.74521694694	
1496668502656977664	1496668502.66	0.0761843972288	2.75781993325	
1496668502756984401	1496668502.76	0.0454317454497	2.76913441927	
1496668502836652767	1496668502.84	0.0271894087415	2.77541608067	
1496668502957505711	1496668502.96	-0.0101751254289	2.78611758133	
1496668503020580839	1496668503.02	-0.0366065335853	2.79216888208	
1496668503140500921	1496668503.14	-0.0627471662377	2.79541359614	
1496668503220016956	1496668503.22	-0.0647051903175	2.79617179002	
1496668503320611955	1496668503.32	-0.0664792018006	2.79583877398	
1496668503440924434	1496668503.44	-0.145204520694	2.8135042879	
1496668503520420396	1496668503.52	-0.18393243549	2.8223384975	
1496668503620371525	1496668503.62	-0.239251564107	2.83130356968	
1496668503740748790	1496668503.74	-0.286882278304	2.83936773388	
1496668503819966790	1496668503.82	-0.323237082297	2.84210659227	
1496668503920245143	1496668503.92	-0.372271919031	2.8412397116	
1496668504040749244	1496668504.04	-0.420717631314	2.84075830179	
1496668504120844732	1496668504.12	-0.443777115807	2.84293645344	
1496668504221569206	1496668504.22	-0.474304812443	2.84956478553	
1496668504340693763	1496668504.34	-0.513780441482	2.85848512791	
1496668504420795232	1496668504.42	-0.545692254216	2.8654591913	
1496668504520675365	1496668504.52	-0.589581403732	2.87696067314	
1496668504640373426	1496668504.64	-0.625159047053	2.88707323903	
1496668504720360566	1496668504.72	-0.655606186302	2.89492860059	
1496668504820707758	1496668504.82	-0.69405443947	2.90139610999	
1496668504940374131	1496668504.94	-0.734179191946	2.8990287825	
1496668505020570302	1496668505.02	-0.767982806609	2.89629047038	
1496668505120567035	1496668505.12	-0.800921012857	2.8896599814	
1496668505240645340	1496668505.24	-0.823527741172	2.88137277809	
1496668505320821563	1496668505.32	-0.843023307744	2.86930465475	
1496668505421128389	1496668505.42	-0.868571092218	2.85410318838	
1496668505540401296	1496668505.54	-0.893548789054	2.84143555128	
1496668505620767406	1496668505.62	-0.915791779784	2.83031580537	
1496668505721435453	1496668505.72	-0.947286516314	2.80996776831	
1496668505840559200	1496668505.84	-0.975208962694	2.78642573038	
1496668505921549372	1496668505.92	-0.996767646307	2.76667938733	
1496668506020839094	1496668506.02	-1.01706860159	2.74092282683	
1496668506140719775	1496668506.14	-1.02804230084	2.71833414294	
1496668506220630104	1496668506.22	-1.03167294352	2.70201181152	
1496668506356995190	1496668506.36	-1.03387793751	2.64600142202	
1496668506436460916	1496668506.44	-1.03405132014	2.61593073904	
1496668506556446112	1496668506.56	-1.03899313893	2.56418160428	
1496668506656863309	1496668506.66	-1.04411168299	2.52143846803	
1496668506736909630	1496668506.74	-1.04647791651	2.49972066029	
1496668506856375577	1496668506.86	-1.05611836612	2.46131132486	
1496668506956757550	1496668506.96	-1.07014359002	2.42018766346	
1496668507037484301	1496668507.04	-1.07894854452	2.39264191214	
1496668507156291362	1496668507.16	-1.08969667372	2.34915063242	
1496668507256647446	1496668507.26	-1.09367553207	2.31370522499	
1496668507337166442	1496668507.34	-1.09212930313	2.29443284503	
1496668507456890522	1496668507.46	-1.08606536788	2.26434107256	
1496668507557773089	1496668507.56	-1.07418564183	2.23895485759	
1496668507636537983	1496668507.64	-1.06426243737	2.21811032442	
1496668507756413527	1496668507.76	-1.04648038756	2.17750480461	
1496668507820803185	1496668507.82	-1.03451066094	2.15010937925	
1496668507940920949	1496668507.94	-1.01640570187	2.11792741089	
1496668508020941188	1496668508.02	-1.00502470524	2.10177344818	
1496668508156331962	1496668508.16	-1.02208328749	2.06802615085	
1496668508236492664	1496668508.24	-1.01615453354	2.05268686834	
1496668508356737584	1496668508.36	-0.988720922148	2.03115634776	
1496668508457000235	1496668508.46	-0.953676157858	2.01898320713	
1496668508537373669	1496668508.54	-0.930320327539	2.01162042686	
1496668508657512085	1496668508.66	-0.891284772337	1.99828006291	
1496668508718275811	1496668508.72	-0.864718514941	1.99152511435	
1496668508836735166	1496668508.84	-0.828275420407	1.9832426679	
1496668508957382909	1496668508.96	-0.791246900174	1.97229645008	
1496668509056752422	1496668509.06	-0.791137987525	1.96399520797	
1496668509137105113	1496668509.14	-0.792771450643	1.96157718105	
1496668509256715803	1496668509.26	-0.766757015185	1.95892422444	
1496668509320619810	1496668509.32	-0.726800658283	1.96134217602	
1496668509441143925	1496668509.44	-0.677238052309	1.9620914003	
1496668509520757387	1496668509.52	-0.644978480306	1.96320709979	
1496668509620482242	1496668509.62	-0.587140441026	1.96261086437	
1496668509740310802	1496668509.74	-0.539807173273	1.96143627505	
1496668509843064023	1496668509.84	-0.480950469375	1.95710603503	
1496668509920507835	1496668509.92	-0.44940414861	1.95326777678	
1496668510040852897	1496668510.04	-0.405799067624	1.94997361765	
1496668510120008360	1496668510.12	-0.393311858344	1.94802607102	
1496668510252180416	1496668510.25	-0.36712201203	1.94787642751	
1496668510332231609	1496668510.33	-0.347873543008	1.94906159173	
1496668510452080386	1496668510.45	-0.317884514418	1.94886449739	
1496668510552124650	1496668510.55	-0.272070963114	1.94756930433	
1496668510632114728	1496668510.63	-0.245400956955	1.94431462546	
1496668510751879195	1496668510.75	-0.206780959682	1.93753586313	
1496668510852120248	1496668510.85	-0.157542732272	1.92637838244	
1496668510936239341	1496668510.94	-0.127680577107	1.91864308302	
1496668511057063793	1496668511.06	-0.0738487002188	1.90686919176	
1496668511157011363	1496668511.16	-0.0595014423577	1.90046075389	
1496668511235940019	1496668511.24	-0.0597778850703	1.89732888719	
1496668511356996163	1496668511.36	-0.0324307515967	1.89905091465	
1496668511452559304	1496668511.45	0.0203519392291	1.90435082883	
1496668511532694664	1496668511.53	0.0515093229301	1.90635609169	
1496668511652491344	1496668511.65	0.0956152205578	1.90742155548	
1496668511756983946	1496668511.76	0.150912733405	1.90396189238	
1496668511836495282	1496668511.84	0.184778026119	1.89868918163	
1496668511956683750	1496668511.96	0.232045373564	1.88666509504	
1496668512056993377	1496668512.06	0.290725585981	1.86971047747	
1496668512137193385	1496668512.14	0.323104197905	1.86056656502	
1496668512256593660	1496668512.26	0.350828291412	1.84163254089	
1496668512356708462	1496668512.36	0.359108501558	1.81296620949	
1496668512436578936	1496668512.44	0.377133550124	1.79408377502	
1496668512557016971	1496668512.56	0.411762143894	1.76576039572	
1496668512637254592	1496668512.64	0.436789463332	1.74189647972	
1496668512740661084	1496668512.74	0.461941556453	1.70502981555	
1496668512820381810	1496668512.82	0.476440962886	1.67503598014	
1496668512924073250	1496668512.92	0.496165388802	1.62113511476	
1496668513044220231	1496668513.04	0.507207935121	1.59033792104	
1496668513123505132	1496668513.12	0.511572929684	1.58105552331	
1496668513223654975	1496668513.22	0.511572929684	1.58105552331	
1496668513343874324	1496668513.34	0.511572929684	1.58105552331	
1496668513423452926	1496668513.42	0.511572929684	1.58105552331	
1496668513523605436	1496668513.52	0.511572929684	1.58105552331	
1496668513644083117	1496668513.64	0.511572929684	1.58105552331	
1496668513723232243	1496668513.72	0.511572929684	1.58105552331	
1496668513823858546	1496668513.82	0.511572929684	1.58105552331	
1496668513943413633	1496668513.94	0.511572929684	1.58105552331	
1496668514023406763	1496668514.02	0.511572929684	1.58105552331	
