1496669225132763863	1496669225.13	0.156801985058	2.9228132587	
1496669225233125307	1496669225.23	0.152525911235	2.86209950413	
1496669225353640086	1496669225.35	0.1523758495	2.80981458846	
1496669225432975932	1496669225.43	0.152368953646	2.77050101195	
1496669225533217439	1496669225.53	0.151333945683	2.68742250887	
1496669225653307457	1496669225.65	0.155546715404	2.6208014113	
1496669225734111955	1496669225.73	0.158783696733	2.58255221385	
1496669225832971697	1496669225.83	0.165705824373	2.52305797687	
1496669225952613677	1496669225.95	0.168295221932	2.47961443322	
1496669226032593420	1496669226.03	0.166522657739	2.4475684634	
1496669226133417536	1496669226.13	0.161253730619	2.37441461696	
1496669226252454623	1496669226.25	0.17347067879	2.3295497918	
1496669226332572812	1496669226.33	0.171234700363	2.28159264456	
1496669226433204010	1496669226.43	0.166292203453	2.21448413932	
1496669226552449842	1496669226.55	0.164679797266	2.17070453621	
1496669226632989642	1496669226.63	0.164164715599	2.14550825746	
1496669226733333663	1496669226.73	0.164077525234	2.09339978261	
1496669226854263251	1496669226.85	0.159559818875	2.04278263909	
1496669226932651410	1496669226.93	0.152164525276	2.01133967923	
1496669227036939523	1496669227.04	0.136148694088	1.96898512906	
1496669227156867943	1496669227.16	0.122967668891	1.94735809556	
1496669227236495797	1496669227.24	0.114169573576	1.9368510311	
1496669227340640850	1496669227.34	0.0912788579847	1.92063534781	
1496669227461699429	1496669227.46	0.0597784104702	1.90862732424	
1496669227540600652	1496669227.54	0.0332577558333	1.89936820034	
1496669227636357969	1496669227.64	-0.0303915689771	1.88043701589	
1496669227757885146	1496669227.76	-0.0808011203712	1.86554095786	
1496669227837134839	1496669227.84	-0.107339049314	1.85972192317	
1496669227944250387	1496669227.94	-0.161572936741	1.84775208139	
1496669228024342007	1496669228.02	-0.190762614074	1.8409431926	
1496669228144533568	1496669228.14	-0.248843334453	1.82571038236	
1496669228249574822	1496669228.25	-0.289258034283	1.81610888976	
1496669228327877900	1496669228.33	-0.301832757095	1.81217980695	
1496669228447569296	1496669228.45	-0.369991656296	1.80912478297	
1496669228549639112	1496669228.55	-0.425207498497	1.80916004249	
1496669228628748757	1496669228.63	-0.451038835403	1.8105863795	
1496669228748186931	1496669228.75	-0.491599021207	1.81974553565	
1496669228848325854	1496669228.85	-0.526710067494	1.83360164752	
1496669228928482607	1496669228.93	-0.546935567561	1.85320126813	
1496669229048096301	1496669229.05	-0.59602880847	1.8731393133	
1496669229149284774	1496669229.15	-0.640072345754	1.90401369793	
1496669229228549800	1496669229.23	-0.664740341492	1.93446148799	
1496669229348320276	1496669229.35	-0.702204985865	1.98197787036	
1496669229450089401	1496669229.45	-0.730175201459	2.02337220384	
1496669229529136428	1496669229.53	-0.751060947688	2.05120233983	
1496669229648725700	1496669229.65	-0.78638686382	2.10619198013	
1496669229753491462	1496669229.75	-0.813440315914	2.15519258802	
1496669229832586606	1496669229.83	-0.829323670311	2.18380428548	
1496669229952828374	1496669229.95	-0.852050272322	2.23365901197	
1496669230052473830	1496669230.05	-0.866207119691	2.2725204491	
1496669230132751285	1496669230.13	-0.872940930924	2.29507477875	
1496669230252478613	1496669230.25	-0.876501271728	2.34154203964	
1496669230353571639	1496669230.35	-0.881973388423	2.37701320758	
1496669230432413998	1496669230.43	-0.894063401834	2.38575522251	
1496669230552520702	1496669230.55	-0.903932530934	2.44900315168	
1496669230653992864	1496669230.65	-0.897740661502	2.54352176757	
1496669230732822050	1496669230.73	-0.893782770541	2.58845934429	
1496669230853610705	1496669230.85	-0.888790995141	2.6590398189	
1496669230953712117	1496669230.95	-0.889706350938	2.71405586887	
1496669231032471461	1496669231.03	-0.892128998833	2.75141526315	
1496669231154829109	1496669231.15	-0.897913476647	2.81978568838	
1496669231253794917	1496669231.25	-0.900984721758	2.87205343279	
1496669231340558418	1496669231.34	-0.901427558365	2.91556487945	
1496669231440824099	1496669231.44	-0.898705583145	2.9692585785	
1496669231525045327	1496669231.53	-0.895891528146	3.00077356138	
1496669231645363172	1496669231.65	-0.889793647881	3.05258363671	
1496669231744951983	1496669231.74	-0.878645063498	3.09352156554	
1496669231825245410	1496669231.83	-0.87348868872	3.12381972035	
1496669231945475768	1496669231.95	-0.864356824714	3.1790199202	
1496669232048488717	1496669232.05	-0.862763988363	3.23863474628	
1496669232129153533	1496669232.13	-0.866113396839	3.2779551032	
1496669232248391762	1496669232.25	-0.873120262531	3.34111069298	
1496669232348840563	1496669232.35	-0.886752194364	3.38686097516	
1496669232429420689	1496669232.43	-0.896213302389	3.41503073632	
1496669232548025848	1496669232.55	-0.884693041247	3.43777406583	
1496669232648644664	1496669232.65	-0.913161753794	3.50438284124	
1496669232728943938	1496669232.73	-0.929301323211	3.54188615679	
1496669232848040688	1496669232.85	-0.964677529266	3.59552182963	
1496669232950271000	1496669232.95	-0.978279692511	3.60602029604	
1496669233030613415	1496669233.03	-0.984863627323	3.61276084535	
1496669233148098439	1496669233.15	-0.999535205384	3.63264095911	
1496669233248288913	1496669233.25	-1.02028690189	3.65399239825	
1496669233329300845	1496669233.33	-1.1292530417	3.72982140124	-1.02028690189	3.65399239825	
1496669233448706552	1496669233.45	-1.16630712665	3.74371702361	-1.02028690189	3.65399239825	
1496669233551209203	1496669233.55	-1.21057814861	3.74231476962	-1.02028690189	3.65399239825	
1496669233629869930	1496669233.63	-1.23638917776	3.74057619866	-1.02028690189	3.65399239825	
1496669233748264728	1496669233.75	-1.27033582476	3.73744696857	-1.02028690189	3.65399239825	
1496669233848380028	1496669233.85	-1.2842028704	3.74666429108	-1.02028690189	3.65399239825	
1496669233928351901	1496669233.93	-1.29258073542	3.73729113912	-1.02028690189	3.65399239825	
1496669234048588185	1496669234.05	-1.37927020197	3.70454448904	-1.02028690189	3.65399239825	
1496669234148819054	1496669234.15	-1.47287335777	3.64714056047	-1.02028690189	3.65399239825	
1496669234229744295	1496669234.23	-1.50385240127	3.62491990575	"1/0"	"1/0"	
1496669234348972377	1496669234.35	-1.54943249647	3.59799765691	"1/0"	"1/0"	
1496669234449152518	1496669234.45	-1.5827733673	3.56799138156	"1/0"	"1/0"	
1496669234528255973	1496669234.53	-1.59848153894	3.54478399643	"1/0"	"1/0"	
1496669234653225678	1496669234.65	-1.61580647157	3.50582036722	"1/0"	"1/0"	
1496669234744979138	1496669234.74	-1.63059933776	3.46043812064	"1/0"	"1/0"	
1496669234824466665	1496669234.82	-1.63422922298	3.43403158167	"1/0"	"1/0"	
1496669234944479106	1496669234.94	-1.63462329361	3.39731490406	"1/0"	"1/0"	
1496669235044383777	1496669235.04	-1.64039929046	3.3514493634	"1/0"	"1/0"	
1496669235124396072	1496669235.12	-1.63475145828	3.30654375168	"1/0"	"1/0"	
1496669235244410523	1496669235.24	-1.62664654838	3.24333341397	"1/0"	"1/0"	
1496669235345145268	1496669235.35	-1.61929283455	3.17268772941	"1/0"	"1/0"	
1496669235425370406	1496669235.43	-1.61703628796	3.13826120747	"1/0"	"1/0"	
1496669235544396012	1496669235.54	-1.61701339101	3.09514282792	"1/0"	"1/0"	
1496669235645128447	1496669235.65	-1.62626263042	3.03937243691	"1/0"	"1/0"	
1496669235724836887	1496669235.72	-1.63123929388	3.00645280006	"1/0"	"1/0"	
1496669235846011101	1496669235.85	-1.63740788804	2.95368937779	"1/0"	"1/0"	
1496669235944595501	1496669235.94	-1.64087011674	2.88814114175	"1/0"	"1/0"	
1496669236024428800	1496669236.02	-1.63997209653	2.85464738695	"1/0"	"1/0"	
1496669236144794804	1496669236.14	-1.63767091782	2.79420643991	"1/0"	"1/0"	
1496669236244960752	1496669236.24	-1.62923598479	2.74489361913	"1/0"	"1/0"	
1496669236325100366	1496669236.33	-1.62320971154	2.70881389158	"1/0"	"1/0"	
1496669236444497946	1496669236.44	-1.61396903229	2.65140899493	"1/0"	"1/0"	
1496669236544588671	1496669236.54	-1.60433981164	2.59718516022	"1/0"	"1/0"	
1496669236624634414	1496669236.62	-1.60189810973	2.5855059592	"1/0"	"1/0"	
1496669236744456954	1496669236.74	-1.60056064426	2.57068273303	"1/0"	"1/0"	
1496669236844551135	1496669236.84	-1.60498168737	2.57077173844	"1/0"	"1/0"	
1496669236924591082	1496669236.92	-1.60904731241	2.55465789468	"1/0"	"1/0"	
1496669237044169618	1496669237.04	-1.61278254175	2.51800953512	"1/0"	"1/0"	
1496669237144707332	1496669237.14	-1.61088564044	2.46977874515	"1/0"	"1/0"	
1496669237224632387	1496669237.22	-1.60874324468	2.44470051395	"1/0"	"1/0"	
1496669237344240028	1496669237.34	-1.6059295183	2.42321783418	"1/0"	"1/0"	
1496669237444300885	1496669237.44	-1.6059295183	2.42321783418	"1/0"	"1/0"	
1496669237524002345	1496669237.52	-1.6059295183	2.42321783418	"1/0"	"1/0"	
1496669237644199404	1496669237.64	-1.6059295183	2.42321783418	"1/0"	"1/0"	
1496669237744322088	1496669237.74	-1.6059295183	2.42321783418	"1/0"	"1/0"	
1496669237825258241	1496669237.83	-1.6059295183	2.42321783418	"1/0"	"1/0"	
1496669237944008092	1496669237.94	-1.6059295183	2.42321783418	"1/0"	"1/0"	
1496669238048177835	1496669238.05	-1.6059295183	2.42321783418	"1/0"	"1/0"	
1496669238128329889	1496669238.13	-1.6059295183	2.42321783418	"1/0"	"1/0"	
1496669238248038299	1496669238.25	-1.6059295183	2.42321783418	"1/0"	"1/0"	
1496669238856459598	1496669238.86	"1/0"	"1/0"	"1/0"	"1/0"	-1.19739110438	1.77903663538	
1496669238961191601	1496669238.96	"1/0"	"1/0"	"1/0"	"1/0"	-1.15598788621	1.77153121757	
1496669239041113641	1496669239.04	"1/0"	"1/0"	"1/0"	"1/0"	-1.12146125301	1.76960795453	
1496669239160688474	1496669239.16	"1/0"	"1/0"	"1/0"	"1/0"	-1.0675248297	1.76901367028	
1496669239261147077	1496669239.26	"1/0"	"1/0"	"1/0"	"1/0"	-1.02657302812	1.76639119815	
1496669239340714626	1496669239.34	"1/0"	"1/0"	"1/0"	"1/0"	-0.999554256571	1.76653802139	
1496669239461145268	1496669239.46	"1/0"	"1/0"	"1/0"	"1/0"	-0.943030044669	1.76334463923	
1496669239562049038	1496669239.56	"1/0"	"1/0"	"1/0"	"1/0"	-0.889267412568	1.75633004006	
1496669239641098674	1496669239.64	"1/0"	"1/0"	"1/0"	"1/0"	-0.843570085725	1.75519596126	
1496669239761051355	1496669239.76	"1/0"	"1/0"	"1/0"	"1/0"	-0.754563016043	1.74958785007	
1496669239861169125	1496669239.86	"1/0"	"1/0"	"1/0"	"1/0"	-0.690911396152	1.74763730279	
1496669239941105981	1496669239.94	"1/0"	"1/0"	"1/0"	"1/0"	-0.656628135261	1.74807229133	
1496669240061436146	1496669240.06	"1/0"	"1/0"	"1/0"	"1/0"	-0.594353133034	1.75144421134	
1496669240125232668	1496669240.13	"1/0"	"1/0"	"1/0"	"1/0"	-0.557143733324	1.75675225415	
1496669240244342654	1496669240.24	"1/0"	"1/0"	"1/0"	"1/0"	-0.490690178108	1.76500066259	
1496669240348710040	1496669240.35	"1/0"	"1/0"	"1/0"	"1/0"	-0.416905084161	1.76989232136	
1496669240429129698	1496669240.43	"1/0"	"1/0"	"1/0"	"1/0"	-0.37683453925	1.77347245567	
1496669240548753778	1496669240.55	"1/0"	"1/0"	"1/0"	"1/0"	-0.319859465293	1.77902754021	
1496669240648631680	1496669240.65	"1/0"	"1/0"	"1/0"	"1/0"	-0.261353418051	1.78221718852	
1496669240728391373	1496669240.73	"1/0"	"1/0"	"1/0"	"1/0"	-0.227527480936	1.78077566472	
1496669240848823907	1496669240.85	"1/0"	"1/0"	"1/0"	"1/0"	-0.178688303248	1.7736208684	
1496669240949435596	1496669240.95	"1/0"	"1/0"	"1/0"	"1/0"	-0.126100873088	1.76952419511	
1496669241029289296	1496669241.03	"1/0"	"1/0"	"1/0"	"1/0"	-0.0620523377038	1.76390195578	
1496669241149108620	1496669241.15	"1/0"	"1/0"	"1/0"	"1/0"	0.00803002660985	1.75440186075	
1496669241249141672	1496669241.25	"1/0"	"1/0"	"1/0"	"1/0"	0.0752992736802	1.74569782198	
1496669241331315369	1496669241.33	"1/0"	"1/0"	"1/0"	"1/0"	0.111555292678	1.74244052228	
1496669241448966992	1496669241.45	"1/0"	"1/0"	"1/0"	"1/0"	0.172438143398	1.73845534337	
1496669241548864544	1496669241.55	"1/0"	"1/0"	"1/0"	"1/0"	0.245428509698	1.72977732922	
1496669241630138605	1496669241.63	"1/0"	"1/0"	"1/0"	"1/0"	0.298775740684	1.72224314294	
1496669241748581668	1496669241.75	"1/0"	"1/0"	"1/0"	"1/0"	0.371173626192	1.70958863065	
1496669241852923358	1496669241.85	"1/0"	"1/0"	"1/0"	"1/0"	0.434981054528	1.69348342585	
1496669241933203686	1496669241.93	"1/0"	"1/0"	"1/0"	"1/0"	0.461517625904	1.68376745651	
1496669242052806865	1496669242.05	"1/0"	"1/0"	"1/0"	"1/0"	0.496265246722	1.66684730298	
1496669242151940921	1496669242.15	"1/0"	"1/0"	"1/0"	"1/0"	0.528292732403	1.65576741389	
1496669242231851077	1496669242.23	"1/0"	"1/0"	"1/0"	"1/0"	0.53782553299	1.65270952391	
1496669242352107867	1496669242.35	"1/0"	"1/0"	"1/0"	"1/0"	0.548614587229	1.64924865839	
1496669242451934933	1496669242.45	"1/0"	"1/0"	"1/0"	"1/0"	0.559307183232	1.64581873433	
1496669242532698537	1496669242.53	"1/0"	"1/0"	"1/0"	"1/0"	0.561587279212	1.64508733513	
1496669242651393184	1496669242.65	"1/0"	"1/0"	"1/0"	"1/0"	0.561587279212	1.64508733513	
1496669242751466238	1496669242.75	"1/0"	"1/0"	"1/0"	"1/0"	0.561587279212	1.64508733513	
1496669242831981671	1496669242.83	"1/0"	"1/0"	"1/0"	"1/0"	0.561587279212	1.64508733513	
1496669242950763048	1496669242.95	"1/0"	"1/0"	"1/0"	"1/0"	0.561587279212	1.64508733513	
1496669243051357170	1496669243.05	"1/0"	"1/0"	"1/0"	"1/0"	0.561587279212	1.64508733513	
1496669243133228169	1496669243.13	"1/0"	"1/0"	"1/0"	"1/0"	0.561587279212	1.64508733513	
1496669243251726727	1496669243.25	"1/0"	"1/0"	"1/0"	"1/0"	0.561587279212	1.64508733513	
1496669243352111406	1496669243.35	"1/0"	"1/0"	"1/0"	"1/0"	0.561587279212	1.64508733513	
1496669243431817524	1496669243.43	"1/0"	"1/0"	"1/0"	"1/0"	0.561587279212	1.64508733513	
