1	1496669213.79	1.60160684586	-2.88953328133	
1	1496669213.89	1.60160684586	-2.88953328133	
1	1496669213.99	1.60160684586	-2.88953328133	
1	1496669214.09	1.60160684586	-2.88953328133	
1	1496669214.19	1.60160684586	-2.88953328133	
1	1496669214.29	1.60160684586	-2.88953328133	
1	1496669214.39	1.60160684586	-2.88953328133	
1	1496669214.49	1.60160684586	-2.88953328133	
1	1496669214.59	1.60160684586	-2.88953328133	
1	1496669214.69	1.60160684586	-2.88953328133	
1	1496669214.79	1.60160684586	-2.88953328133	
1	1496669214.89	1.60160684586	-2.88953328133	
1	1496669214.99	1.60160684586	-2.88953328133	
1	1496669215.09	1.60160684586	-2.88953328133	
1	1496669215.19	1.60160684586	-2.88953328133	
1	1496669215.29	1.60160684586	-2.88953328133	
1	1496669215.39	1.60160684586	-2.88953328133	
1	1496669215.49	1.60160684586	-2.88953328133	
1	1496669215.59	1.60160684586	-2.88953328133	
1	1496669215.69	1.60160684586	-2.88953328133	
1	1496669215.79	1.55427277088	-2.3911550045	
1	1496669215.89	1.5570538044	-2.37968039513	
1	1496669215.99	1.5570538044	-2.37968039513	
1	1496669216.09	1.5570538044	-2.37968039513	
1	1496669216.19	1.5570538044	-2.37968039513	
1	1496669216.29	1.5570538044	-2.37968039513	
1	1496669216.39	1.5570538044	-2.37968039513	
1	1496669216.49	1.5570538044	-2.37968039513	
1	1496669216.59	1.5570538044	-2.37968039513	
1	1496669216.69	1.5570538044	-2.37968039513	
1	1496669216.79	1.5570538044	-2.37968039513	
1	1496669216.89	1.75827419758	-1.92253792286	
1	1496669216.99	1.73777341843	-1.86586236954	
1	1496669217.09	1.71146702766	-1.81054520607	
1	1496669217.19	1.68703591824	-1.75943481922	
1	1496669217.29	1.67688155174	-1.71101367474	
1	1496669217.39	1.67681181431	-1.66014409065	
1	1496669217.49	1.68826305866	-1.60467779636	
1	1496669217.59	1.71249508858	-1.54789030552	
1	1496669217.69	1.74745666981	-1.4894592762	
1	1496669217.79	1.77829396725	-1.43584632874	
1	1496669217.89	1.7949732542	-1.38443660736	
1	1496669217.99	1.80251204967	-1.33415603638	
1	1496669218.09	1.80287587643	-1.2834032774	
1	1496669218.19	1.79221189022	-1.22879433632	
1	1496669218.29	1.77140760422	-1.17060732841	
1	1496669218.39	1.7423967123	-1.10963726044	
1	1496669218.49	1.71627986431	-1.05439555645	
1	1496669218.59	1.70191025734	-1.00334620476	
1	1496669218.69	1.69389569759	-0.953262507915	
1	1496669218.79	1.69513487816	-0.901870310307	
1	1496669218.89	1.70705664158	-0.846769034863	
1	1496669218.99	1.73073649406	-0.788695335388	
1	1496669219.09	1.7524882555	-0.731667041779	
1	1496669219.19	1.7718334198	-0.679316937923	
1	1496669219.29	1.779692173	-0.632737934589	
1	1496669219.39	1.78007376194	-0.586287558079	
1	1496669219.49	1.77511107922	-0.538357317448	
1	1496669219.59	1.75848674774	-0.484616786242	
1	1496669219.69	1.73207199574	-0.430290162563	
1	1496669219.79	1.70166373253	-0.376858264208	
1	1496669219.89	1.67532420158	-0.330130875111	
1	1496669219.99	1.66520881653	-0.288062691689	
1	1496669220.09	1.66453826427	-0.245446279645	
1	1496669220.19	1.67531406879	-0.198699235916	
1	1496669220.29	1.69633722305	-0.148021563888	
1	1496669220.39	1.73011827469	-0.0919330790639	
1	1496669220.49	1.76230084896	-0.0385082140565	
1	1496669220.59	1.79076850414	0.00831065326929	
1	1496669220.69	1.80319094658	0.0499173812568	
1	1496669220.79	1.80757069588	0.0909890159965	
1	1496669220.89	1.80494439602	0.134722992778	
1	1496669220.99	1.79356491566	0.179184302688	
1	1496669221.09	1.77637374401	0.225493088365	
1	1496669221.19	1.76213860512	0.269596576691	
1	1496669221.29	1.75196945667	0.306889772415	
1	1496669221.39	1.75320661068	0.344305068254	
1	1496669221.49	1.76059520245	0.386508047581	
1	1496669221.59	1.77052354813	0.438523888588	
1	1496669221.69	1.78431475163	0.501817584038	
1	1496669221.79	1.8005040884	0.579024910927	
1	1496669221.89	1.80924344063	0.655064105988	
1	1496669221.99	1.81013309956	0.726680338383	
1	1496669222.09	1.79829180241	0.782316207886	
1	1496669222.19	1.77838051319	0.815020918846	
1	1496669222.29	1.77838051319	0.815020918846	
1	1496669222.39	1.7132550478	0.856850326061	
1	1496669222.49	1.67440009117	0.852470040321	
1	1496669222.59	1.63480591774	0.840695023537	
1	1496669222.69	1.60059285164	0.832815229893	
1	1496669222.79	1.56841683388	0.838122904301	
1	1496669222.89	1.533218503	0.853777766228	
1	1496669222.99	1.49203634262	0.877773284912	
1	1496669223.09	1.44334864616	0.907505869865	
1	1496669223.19	1.38545835018	0.945315182209	
1	1496669223.29	1.3248347044	0.976512253284	
1	1496669223.39	1.26340723038	1.00397157669	
1	1496669223.49	1.20690715313	1.01171731949	
1	1496669223.59	1.15618741512	1.0050137043	
1	1496669223.69	1.11459505558	0.984794318676	
1	1496669223.79	1.08766937256	0.950444817543	
1	1496669223.89	1.07384073734	0.908013880253	
1	1496669223.99	1.06806743145	0.867711246014	
1	1496669224.09	1.0577698946	0.832158207893	
1	1496669224.19	1.04368579388	0.794474363327	
1	1496669224.29	1.02344226837	0.752036392689	
1	1496669224.39	0.997144818306	0.705196499825	
1	1496669224.49	0.963132083416	0.654211878777	
1	1496669224.59	0.926992297173	0.603762626648	
1	1496669224.69	0.895797848701	0.559643208981	
1	1496669224.79	0.87866204977	0.518738329411	
1	1496669224.89	0.868091464043	0.476649135351	
1	1496669224.99	0.865252017975	0.431106895208	
1	1496669225.09	0.873314142227	0.380633592606	
1	1496669225.19	0.8888463974	0.325201243162	
1	1496669225.29	0.907766342163	0.266769856215	
1	1496669225.39	0.928481817245	0.21407353878	
1	1496669225.49	0.935534060001	0.169037401676	
1	1496669225.59	0.937320947647	0.125289991498	
1	1496669225.69	0.932543992996	0.0797356143594	
1	1496669225.79	0.918684780598	0.0320408754051	
1	1496669225.89	0.897150635719	-0.016823945567	
1	1496669225.99	0.875710189342	-0.0649194419384	
1	1496669226.09	0.857922494411	-0.105980239809	
1	1496669226.19	0.85787320137	-0.143338963389	
1	1496669226.29	0.870334625244	-0.179333910346	
1	1496669226.39	0.895782530308	-0.218488633633	
1	1496669226.49	0.931024551392	-0.265609323978	
1	1496669226.59	0.97281396389	-0.322893083096	
1	1496669226.69	1.01552343369	-0.387462258339	
1	1496669226.79	1.05356001854	-0.450713425875	
1	1496669226.89	1.08153021336	-0.512584328651	
1	1496669226.99	1.09282743931	-0.569052278996	
1	1496669227.09	1.087220788	-0.618085086346	
1	1496669227.19	1.06499326229	-0.656489670277	
1	1496669227.29	1.03015768528	-0.682706356049	
1	1496669227.39	0.99039965868	-0.699717462063	
1	1496669227.49	0.952280342579	-0.712287724018	
1	1496669227.59	0.918106675148	-0.728667914867	
1	1496669227.69	0.884453594685	-0.750599980354	
1	1496669227.79	0.848364830017	-0.774969696999	
1	1496669227.89	0.807269513607	-0.803811132908	
1	1496669227.99	0.762331008911	-0.840276122093	
1	1496669228.09	0.714437425137	-0.880356252193	
1	1496669228.19	0.667723536491	-0.919269025326	
1	1496669228.29	0.622609198093	-0.947276711464	
1	1496669228.39	0.579022705555	-0.969993770123	
1	1496669228.49	0.535558819771	-0.98200404644	
1	1496669228.59	0.490893632174	-0.98117941618	
1	1496669228.69	0.448734074831	-0.963835835457	
1	1496669228.79	0.407788157463	-0.940531611443	
1	1496669228.89	0.371155798435	-0.918963253498	
1	1496669228.99	0.329400509596	-0.909700512886	
1	1496669229.09	0.281776607037	-0.902968525887	
1	1496669229.19	0.226124882698	-0.891657829285	
1	1496669229.29	0.164559900761	-0.875675559044	
1	1496669229.39	0.0971035137773	-0.856209039688	
1	1496669229.49	0.0297321453691	-0.832193911076	
1	1496669229.59	-0.0349028706551	-0.805958449841	
1	1496669229.69	-0.0839982330799	-0.776330113411	
1	1496669229.79	-0.118034482002	-0.741972088814	
1	1496669229.89	-0.139610514045	-0.702188253403	
1	1496669229.99	-0.148765653372	-0.657975971699	
1	1496669230.09	-0.144208744168	-0.607609570026	
1	1496669230.19	-0.129716739058	-0.552892625332	
1	1496669230.29	-0.114771872759	-0.501596212387	
1	1496669230.39	-0.105678901076	-0.455688506365	
1	1496669230.49	-0.104719281197	-0.410729169846	
1	1496669230.59	-0.108419239521	-0.363771677017	
1	1496669230.69	-0.11745172739	-0.314013183117	
1	1496669230.79	-0.135027483106	-0.26236552	
1	1496669230.89	-0.15905956924	-0.209340035915	
1	1496669230.99	-0.182090863585	-0.158777967095	
1	1496669231.09	-0.198006436229	-0.114883519709	
1	1496669231.19	-0.205224603415	-0.0736766383052	
1	1496669231.29	-0.20119035244	-0.0330839790404	
1	1496669231.39	-0.185781911016	0.00905984453857	
1	1496669231.49	-0.162502929568	0.0544180087745	
1	1496669231.59	-0.133716359735	0.104284055531	
1	1496669231.69	-0.109948657453	0.153407692909	
1	1496669231.79	-0.0876019969583	0.196560770273	
1	1496669231.89	-0.0738955140114	0.236016631126	
1	1496669231.99	-0.065150976181	0.27602532506	
1	1496669232.09	-0.0617847070098	0.317668944597	
1	1496669232.19	-0.0691787078977	0.359020531178	
1	1496669232.29	-0.0840436071157	0.399604022503	
1	1496669232.39	-0.102435931563	0.433034718037	
1	1496669232.49	-0.105706587434	0.46545279026	
1	1496669232.59	-0.0988457128406	0.503171861172	
1	1496669232.69	-0.0879343152046	0.549629986286	
1	1496669232.79	-0.0803851187229	0.606161832809	
1	1496669232.89	-0.0788696706295	0.672389984131	
1	1496669232.99	-0.0835348144174	0.748655974865	
1	1496669233.09	-0.0943427607417	0.824159443378	
1	1496669233.19	-0.111157752573	0.894133508205	
1	1496669233.29	-0.139036819339	0.947918236256	
1	1496669233.39	-0.175558745861	0.992607474327	
1	1496669233.49	-0.218270465732	1.02122986317	
1	1496669233.59	-0.26458221674	1.03199863434	
1	1496669233.69	-0.308378309011	1.03375923634	
1	1496669233.79	-0.348699629307	1.03673231602	
1	1496669233.89	-0.396186769009	1.05028617382	
1	1496669233.99	-0.45297935605	1.06200587749	
1	1496669234.09	-0.518503904343	1.07108366489	
1	1496669234.19	-0.591592371464	1.07598650455	
1	1496669234.29	-0.665141165257	1.07395017147	
1	1496669234.39	-0.727946281433	1.06478381157	
1	1496669234.49	-0.77138698101	1.04357731342	
1	1496669234.59	-0.80023509264	1.01115238667	
1	1496669234.69	-0.810172379017	0.970943748951	
1	1496669234.79	-0.805766880512	0.925657212734	
1	1496669234.89	-0.791991472244	0.87964117527	
1	1496669234.99	-0.779081761837	0.838422715664	
1	1496669235.09	-0.775691509247	0.797901153564	
1	1496669235.19	-0.779257714748	0.757906973362	
1	1496669235.29	-0.787126481533	0.715252757072	
1	1496669235.39	-0.803194999695	0.667632043362	
1	1496669235.49	-0.828426301479	0.61691391468	
1	1496669235.59	-0.858095228672	0.56782579422	
1	1496669235.69	-0.887026965618	0.525830686092	
1	1496669235.79	-0.898909986019	0.486215770245	
1	1496669235.89	-0.900065898895	0.446029573679	
1	1496669235.99	-0.891802847385	0.402436226606	
1	1496669236.09	-0.877448916435	0.356600999832	
1	1496669236.19	-0.857987701893	0.307861179113	
1	1496669236.29	-0.833443164825	0.261839956045	
1	1496669236.39	-0.814300000668	0.218786045909	
1	1496669236.49	-0.80952423811	0.177832111716	
1	1496669236.59	-0.816983997822	0.136068701744	
1	1496669236.69	-0.837474286556	0.0917992442846	
1	1496669236.79	-0.868440032005	0.0442989170551	
1	1496669236.89	-0.903003036976	-0.00279679778032	
1	1496669236.99	-0.938181996346	-0.0441204570234	
1	1496669237.09	-0.959126234055	-0.083540327847	
1	1496669237.19	-0.972315073013	-0.123392358422	
1	1496669237.29	-0.976345300674	-0.164567440748	
1	1496669237.39	-0.969773411751	-0.205251097679	
1	1496669237.49	-0.95718806982	-0.243939325213	
1	1496669237.59	-0.942248165607	-0.277438908815	
1	1496669237.69	-0.93916118145	-0.313582241535	
1	1496669237.79	-0.946059346199	-0.355691224337	
1	1496669237.89	-0.95501691103	-0.408095300198	
1	1496669237.99	-0.961473107338	-0.470489799976	
1	1496669238.09	-0.965072691441	-0.544100821018	
1	1496669238.19	-0.962012410164	-0.619467675686	
1	1496669238.29	-0.953884661198	-0.687456011772	
1	1496669238.39	-0.935568630695	-0.740969419479	
1	1496669238.49	-0.90643119812	-0.782499432564	
1	1496669238.59	-0.86600369215	-0.8080534935	
1	1496669238.69	-0.817302167416	-0.817757248878	
1	1496669238.79	-0.763151943684	-0.81290024519	
1	1496669238.89	-0.708774805069	-0.801801800728	
1	1496669238.99	-0.65834236145	-0.790309906006	
1	1496669239.09	-0.611568689346	-0.792131602764	
1	1496669239.19	-0.562677502632	-0.803371250629	
1	1496669239.29	-0.509643375874	-0.825905382633	
1	1496669239.39	-0.453123241663	-0.855738759041	
1	1496669239.49	-0.39640301466	-0.891065239906	
1	1496669239.59	-0.344123393297	-0.919720351696	
1	1496669239.69	-0.294110000134	-0.930649340153	
1	1496669239.79	-0.244189918041	-0.93278169632	
1	1496669239.89	-0.190776735544	-0.92669069767	
1	1496669239.99	-0.132145762444	-0.910934329033	
1	1496669240.09	-0.0713674798608	-0.8882791996	
1	1496669240.19	-0.0131086045876	-0.858727514744	
1	1496669240.29	0.0406523644924	-0.838328659534	
1	1496669240.39	0.090496212244	-0.833467960358	
1	1496669240.49	0.141379565001	-0.839142203331	
1	1496669240.59	0.194691598415	-0.857527911663	
1	1496669240.69	0.250829458237	-0.885388791561	
1	1496669240.79	0.303791493177	-0.913319945335	
1	1496669240.89	0.352127879858	-0.934116840363	
1	1496669240.99	0.401818782091	-0.940462052822	
1	1496669241.09	0.455877274275	-0.941267669201	
1	1496669241.19	0.516812324524	-0.937433183193	
1	1496669241.29	0.584599256516	-0.927544236183	
1	1496669241.39	0.660111546516	-0.908191025257	
1	1496669241.49	0.735889911652	-0.884598374367	
1	1496669241.59	0.805216312408	-0.867890417576	
1	1496669241.69	0.867966890335	-0.867501616478	
1	1496669241.79	0.927748799324	-0.878316640854	
1	1496669241.89	0.981342375278	-0.905589818954	
1	1496669241.99	1.03011798859	-0.945589065552	
1	1496669242.09	1.07845854759	-0.978112339973	
1	1496669242.19	1.13035154343	-1.0006030798	
1	1496669242.29	1.18650305271	-1.02002322674	
1	1496669242.39	1.24796819687	-1.0441262722	
1	1496669242.49	1.31227731705	-1.07735550404	
1	1496669242.59	1.37404501438	-1.11996257305	
1	1496669242.69	1.43796575069	-1.16951918602	
1	1496669242.79	1.49862635136	-1.21860492229	
1	1496669242.89	1.54433465004	-1.2725366354	
1	1496669242.99	1.57313144207	-1.33340191841	
1	1496669243.09	1.58223831654	-1.40263867378	
1	1496669243.19	1.57380092144	-1.47835898399	
1	1496669243.29	1.55452370644	-1.55734407902	
1	1496669243.39	1.53841304779	-1.62741053104	
1	1496669243.49	1.53382349014	-1.69183254242	
1	1496669243.59	1.53379797935	-1.75867962837	
1	1496669243.69	1.534091115	-1.82933115959	
1	1496669243.79	1.53757691383	-1.90858507156	
1	1496669243.89	1.54650866985	-1.99280703068	
1	1496669243.99	1.55586361885	-2.0711517334	
1	1496669244.09	1.55607450008	-2.14156007767	
1	1496669244.19	1.54399752617	-2.20318198204	
1	1496669244.29	1.51695621014	-2.26178598404	
1	1496669244.39	1.47896230221	-2.32023692131	
1	1496669244.49	1.43414950371	-2.37778925896	
1	1496669244.59	1.40152931213	-2.4292678833	
1	1496669244.69	1.3728454113	-2.47262358665	
1	1496669244.79	1.35076129436	-2.50704669952	
1	1496669244.89	1.32672452927	-2.55621337891	
1	1496669244.99	1.31551218033	-2.60333943367	
1	1496669245.09	1.31601274014	-2.65843963623	
1	1496669245.19	1.32321274281	-2.71114325523	
1	1496669245.29	1.34153139591	-2.75734996796	
1	1496669245.39	1.35786485672	-2.79072880745	
1	1496669245.49	1.36673331261	-2.8115773201	
