1 1497259960.03 0.79855 0.145078
1 1497259960.13 0.804112 0.171112
1 1497259960.23 0.813238 0.200375
1 1497259960.33 0.826601 0.233295
1 1497259960.43 0.841002 0.266801
1 1497259960.53 0.859801 0.300873
1 1497259960.63 0.86495 0.335675
1 1497259960.73 0.863291 0.368893
1 1497259960.83 0.851472 0.403457
1 1497259960.93 0.83326 0.441474
1 1497259961.03 0.809006 0.4848
1 1497259961.13 0.787077 0.530732
1 1497259961.23 0.77611 0.574813
1 1497259961.33 0.772171 0.617045
1 1497259961.43 0.777867 0.657178
1 1497259961.53 0.792011 0.69522
1 1497259961.63 0.81157 0.733925
1 1497259961.73 0.833133 0.77661
1 1497259961.83 0.851238 0.821164
1 1497259961.93 0.866494 0.866044
1 1497259962.03 0.876751 0.90952
1 1497259962.13 0.877465 0.952251
1 1497259962.23 0.869318 0.993162
1 1497259962.33 0.855065 1.03441
1 1497259962.43 0.834285 1.0784
1 1497259962.53 0.809586 1.12522
1 1497259962.63 0.78922 1.17094
1 1497259962.73 0.773112 1.21382
1 1497259962.83 0.762575 1.25438
1 1497259962.93 0.756941 1.29238
1 1497259963.03 0.759252 1.32952
1 1497259963.13 0.766874 1.36901
1 1497259963.23 0.777735 1.41211
1 1497259963.33 0.792196 1.45824
1 1497259963.43 0.80694 1.50491
1 1497259963.53 0.819829 1.55001
1 1497259963.63 0.829155 1.59172
1 1497259963.73 0.825895 1.62947
1 1497259963.83 0.81365 1.66508
1 1497259963.93 0.794836 1.70076
1 1497259964.03 0.770141 1.74008
1 1497259964.13 0.744643 1.78235
1 1497259964.23 0.721168 1.82477
1 1497259964.33 0.703636 1.86607
1 1497259964.43 0.691143 1.90444
1 1497259964.53 0.690961 1.93965
1 1497259964.63 0.697801 1.97348
1 1497259964.73 0.712721 2.00947
1 1497259964.83 0.734528 2.04968
1 1497259964.93 0.759891 2.09271
1 1497259965.03 0.78078 2.13426
1 1497259965.13 0.792826 2.17172
1 1497259965.23 0.794052 2.20424
1 1497259965.33 0.783084 2.23507
1 1497259965.43 0.76022 2.26463
1 1497259965.53 0.729418 2.29251
1 1497259965.63 0.688252 2.32071
1 1497259965.73 0.635824 2.35145
1 1497259965.83 0.581367 2.3825
1 1497259965.93 0.533655 2.41315
1 1497259966.03 0.498362 2.44249
1 1497259966.13 0.477936 2.46989
1 1497259966.23 0.466555 2.49682
1 1497259966.33 0.456013 2.52562
1 1497259966.43 0.452104 2.55531
1 1497259966.53 0.446043 2.58438
1 1497259966.63 0.436977 2.60997
1 1497259966.73 0.412079 2.63208
1 1497259966.83 0.382189 2.64991
1 1497259966.93 0.344132 2.66308
1 1497259967.03 0.291537 2.67389
1 1497259967.13 0.224941 2.68468
1 1497259967.23 0.155326 2.69693
1 1497259967.33 0.103116 2.70947
1 1497259967.43 0.0660995 2.72115
1 1497259967.53 0.0407779 2.73009
1 1497259967.63 0.027818 2.73697
1 1497259967.73 0.0280307 2.74181
1 1497259967.83 0.0248718 2.7434
1 1497259967.93 0.000630271 2.74654
1 1497259968.03 -0.0352203 2.74754
1 1497259968.13 -0.0906682 2.74837
1 1497259968.23 -0.163455 2.7486
1 1497259968.33 -0.238065 2.74958
1 1497259968.43 -0.304169 2.75164
1 1497259968.53 -0.351652 2.75209
1 1497259968.63 -0.379769 2.74881
1 1497259968.73 -0.388329 2.74056
1 1497259968.83 -0.382738 2.73002
1 1497259968.93 -0.381263 2.71832
1 1497259969.03 -0.398127 2.70772
1 1497259969.13 -0.430781 2.69586
1 1497259969.23 -0.479147 2.68216
1 1497259969.33 -0.545004 2.66784
1 1497259969.43 -0.617408 2.65511
1 1497259969.53 -0.681374 2.64344
1 1497259969.63 -0.735613 2.63242
1 1497259969.73 -0.772262 2.61712
1 1497259969.83 -0.793603 2.59531
1 1497259969.93 -0.798222 2.56608
1 1497259970.03 -0.792291 2.52913
1 1497259970.13 -0.777479 2.48509
1 1497259970.23 -0.755781 2.43802
1 1497259970.33 -0.735375 2.39459
1 1497259970.43 -0.728919 2.3579
1 1497259970.53 -0.734322 2.32504
1 1497259970.63 -0.74508 2.29274
1 1497259970.73 -0.762231 2.25898
1 1497259970.83 -0.783353 2.22018
1 1497259970.93 -0.810431 2.17629
1 1497259971.03 -0.840854 2.12681
1 1497259971.13 -0.86627 2.07562
1 1497259971.23 -0.893923 2.02984
1 1497259971.33 -0.91026 1.99249
1 1497259971.43 -0.912728 1.96224
1 1497259971.53 -0.90336 1.93633
1 1497259971.63 -0.879349 1.91484
1 1497259971.73 -0.840626 1.89633
1 1497259971.83 -0.789167 1.88086
1 1497259971.93 -0.725788 1.86823
1 1497259972.03 -0.667301 1.85687
1 1497259972.13 -0.616192 1.84549
1 1497259972.23 -0.588785 1.83172
1 1497259972.33 -0.573382 1.81381
1 1497259972.43 -0.576225 1.79239
1 1497259972.53 -0.586012 1.76744
1 1497259972.63 -0.57961 1.74871
1 1497259972.73 -0.556007 1.73651
1 1497259972.83 -0.515326 1.72859
1 1497259972.93 -0.456269 1.72622
1 1497259973.03 -0.381155 1.72868
1 1497259973.13 -0.294443 1.73542
1 1497259973.23 -0.218334 1.74097
1 1497259973.33 -0.164159 1.7415
1 1497259973.43 -0.131296 1.73856
1 1497259973.53 -0.120652 1.73139
1 1497259973.63 -0.118356 1.72118
1 1497259973.73 -0.0962725 1.71547
1 1497259973.83 -0.0589575 1.71064
1 1497259973.93 -0.00642114 1.70848
1 1497259974.03 0.0620331 1.70951
1 1497259974.13 0.147123 1.71572
1 1497259974.23 0.229063 1.72232
1 1497259974.33 0.293266 1.72592
1 1497259974.43 0.341476 1.72645
1 1497259974.53 0.371838 1.72409
1 1497259974.63 0.385427 1.71928
1 1497259974.73 0.389449 1.71318
1 1497259974.83 0.405766 1.70714
1 1497259974.93 0.441134 1.70096
1 1497259975.03 0.493162 1.69411
1 1497259975.13 0.559347 1.68816
1 1497259975.23 0.636926 1.6822
1 1497259975.33 0.707927 1.67523
1 1497259975.43 0.759908 1.66407
1 1497259975.53 0.794129 1.64611
1 1497259975.63 0.814174 1.61954
1 1497259975.73 0.817725 1.58623
1 1497259975.83 0.80786 1.54815
1 1497259975.93 0.794011 1.5065
1 1497259976.03 0.78382 1.46548
1 1497259976.13 0.788826 1.42343
1 1497259976.23 0.799953 1.3761
1 1497259976.33 0.819576 1.32395
1 1497259976.43 0.847402 1.26758
1 1497259976.53 0.879177 1.20749
1 1497259976.63 0.911677 1.14849
1 1497259976.73 0.933942 1.09375
1 1497259976.83 0.942757 1.04074
1 1497259976.93 0.943789 0.986391
1 1497259977.03 0.931728 0.929512
1 1497259977.13 0.904378 0.870772
1 1497259977.23 0.871531 0.807554
1 1497259977.33 0.841153 0.747007
1 1497259977.43 0.822961 0.69035
1 1497259977.53 0.815489 0.633827
1 1497259977.63 0.816724 0.574879
1 1497259977.73 0.829786 0.511974
1 1497259977.83 0.849618 0.444919
1 1497259977.93 0.869108 0.374263
1 1497259978.03 0.879302 0.309784
1 1497259978.13 0.876465 0.25322
1 1497259978.23 0.870038 0.194907
1 1497259978.33 0.857434 0.131216
1 1497259978.43 0.835607 0.0607
1 1497259978.53 0.804049 -0.0190083
1 1497259978.63 0.769704 -0.102609
1 1497259978.73 0.745841 -0.177809
1 1497259978.83 0.734609 -0.241974
1 1497259978.93 0.725218 -0.298771
1 1497259979.03 0.727757 -0.342352
1 1497259979.13 0.741073 -0.374239
1 1497259979.23 0.758815 -0.399306
