1 1496668995.21 0.845618 -0.214149
1 1496668995.31 0.845618 -0.214149
1 1496668995.41 0.845618 -0.214149
1 1496668995.51 0.845618 -0.214149
1 1496668995.61 0.845618 -0.214149
1 1496668995.71 0.845618 -0.214149
1 1496668995.81 0.845618 -0.214149
1 1496668995.91 0.845618 -0.214149
1 1496668996.01 0.845618 -0.214149
1 1496668996.11 0.845618 -0.214149
1 1496668996.21 0.845618 -0.214149
1 1496668996.31 0.845618 -0.214149
1 1496668996.41 0.845618 -0.214149
1 1496668996.51 0.845618 -0.214149
1 1496668996.61 0.845618 -0.214149
1 1496668996.71 0.845618 -0.214149
1 1496668996.81 0.845618 -0.214149
1 1496668996.91 0.845618 -0.214149
1 1496668997.01 0.845618 -0.214149
1 1496668997.11 0.845618 -0.214149
1 1496668997.21 0.845618 -0.214149
1 1496668997.31 0.845618 -0.214149
1 1496668997.41 0.845618 -0.214149
1 1496668997.51 0.845618 -0.214149
1 1496668997.61 0.845618 -0.214149
1 1496668997.71 0.845618 -0.214149
1 1496668997.81 0.845618 -0.214149
1 1496668997.91 0.845618 -0.214149
1 1496668998.01 0.845618 -0.214149
1 1496668998.11 0.461769 0.566005
1 1496668998.21 0.469324 0.608603
1 1496668998.31 0.474087 0.653303
1 1496668998.41 0.473807 0.701805
1 1496668998.51 0.467607 0.753852
1 1496668998.61 0.454397 0.806512
1 1496668998.71 0.440122 0.856695
1 1496668998.81 0.42857 0.899741
1 1496668998.91 0.424919 0.939708
1 1496668999.01 0.426439 0.979793
1 1496668999.11 0.43496 1.02319
1 1496668999.21 0.452221 1.06953
1 1496668999.31 0.479815 1.11703
1 1496668999.41 0.50948 1.16467
1 1496668999.51 0.532787 1.20545
1 1496668999.61 0.543154 1.24335
1 1496668999.71 0.546532 1.27808
1 1496668999.81 0.545406 1.31286
1 1496668999.91 0.538731 1.34822
1 1496669000.01 0.524386 1.38529
1 1496669000.11 0.504469 1.42373
1 1496669000.21 0.48255 1.45714
1 1496669000.31 0.470983 1.48453
1 1496669000.41 0.46633 1.51227
1 1496669000.51 0.467977 1.53958
1 1496669000.61 0.478367 1.56936
1 1496669000.71 0.499708 1.6006
1 1496669000.81 0.527789 1.63178
1 1496669000.91 0.554516 1.66167
1 1496669001.01 0.573688 1.68686
1 1496669001.11 0.584162 1.71143
1 1496669001.21 0.589864 1.7355
1 1496669001.31 0.589871 1.76072
1 1496669001.41 0.582511 1.78775
1 1496669001.51 0.566298 1.81736
1 1496669001.61 0.540179 1.85123
1 1496669001.71 0.512744 1.88578
1 1496669001.81 0.488567 1.9152
1 1496669001.91 0.478236 1.9407
1 1496669002.01 0.473533 1.96667
1 1496669002.11 0.47826 1.99412
1 1496669002.21 0.493355 2.02372
1 1496669002.31 0.518509 2.05554
1 1496669002.41 0.548568 2.08936
1 1496669002.51 0.573658 2.12073
1 1496669002.61 0.589892 2.1499
1 1496669002.71 0.596539 2.17919
1 1496669002.81 0.597477 2.21085
1 1496669002.91 0.591578 2.24494
1 1496669003.01 0.572897 2.28346
1 1496669003.11 0.544183 2.32545
1 1496669003.21 0.514969 2.36679
1 1496669003.31 0.496502 2.40338
1 1496669003.41 0.489025 2.43709
1 1496669003.51 0.489682 2.47138
1 1496669003.61 0.500357 2.50739
1 1496669003.71 0.52219 2.54582
1 1496669003.81 0.555978 2.58662
1 1496669003.91 0.591498 2.62817
1 1496669004.01 0.624307 2.66694
1 1496669004.11 0.643244 2.70206
1 1496669004.21 0.654542 2.73732
1 1496669004.31 0.656422 2.77244
1 1496669004.41 0.648658 2.80523
1 1496669004.51 0.627811 2.83409
1 1496669004.61 0.602495 2.8593
1 1496669004.71 0.583082 2.88297
1 1496669004.81 0.576563 2.91036
1 1496669004.91 0.575534 2.94233
1 1496669005.01 0.575919 2.9826
1 1496669005.11 0.575864 3.03201
1 1496669005.21 0.57331 3.09064
1 1496669005.31 0.566588 3.15916
1 1496669005.41 0.553974 3.22298
1 1496669005.51 0.536842 3.27606
1 1496669005.61 0.511261 3.3105
1 1496669005.71 0.478862 3.33347
1 1496669005.81 0.439107 3.34363
1 1496669005.91 0.392508 3.33746
1 1496669006.01 0.340506 3.31693
1 1496669006.11 0.29104 3.29373
1 1496669006.21 0.246997 3.28327
1 1496669006.31 0.205241 3.28536
1 1496669006.41 0.161644 3.29459
1 1496669006.51 0.115595 3.31254
1 1496669006.61 0.0670404 3.33976
1 1496669006.71 0.0187892 3.37387
1 1496669006.81 -0.025064 3.40864
1 1496669006.91 -0.0649092 3.4289
1 1496669007.01 -0.104179 3.43943
1 1496669007.11 -0.145824 3.43931
1 1496669007.21 -0.191537 3.42947
1 1496669007.31 -0.24021 3.40974
1 1496669007.41 -0.290748 3.38659
1 1496669007.51 -0.336984 3.36295
1 1496669007.61 -0.377524 3.35336
1 1496669007.71 -0.416631 3.35178
1 1496669007.81 -0.456672 3.36023
1 1496669007.91 -0.50204 3.38022
1 1496669008.01 -0.547384 3.41209
1 1496669008.11 -0.592236 3.44771
1 1496669008.21 -0.632348 3.47748
1 1496669008.31 -0.669013 3.49215
1 1496669008.41 -0.706244 3.49782
1 1496669008.51 -0.745454 3.49509
1 1496669008.61 -0.78633 3.48144
1 1496669008.71 -0.827287 3.45731
1 1496669008.81 -0.864089 3.43219
1 1496669008.91 -0.897123 3.41786
1 1496669009.01 -0.931648 3.41919
1 1496669009.11 -0.969792 3.42912
1 1496669009.21 -1.0164 3.44778
1 1496669009.31 -1.07247 3.47301
1 1496669009.41 -1.1419 3.50401
1 1496669009.51 -1.21297 3.52973
1 1496669009.61 -1.28179 3.55214
1 1496669009.71 -1.33781 3.55968
1 1496669009.81 -1.38274 3.55326
1 1496669009.91 -1.41403 3.53613
1 1496669010.01 -1.42946 3.50762
1 1496669010.11 -1.43116 3.4704
1 1496669010.21 -1.42844 3.43134
1 1496669010.31 -1.42441 3.39615
1 1496669010.41 -1.42923 3.36754
1 1496669010.51 -1.43979 3.34091
1 1496669010.61 -1.45411 3.31235
1 1496669010.71 -1.47246 3.27991
1 1496669010.81 -1.49864 3.24375
1 1496669010.91 -1.53082 3.2025
1 1496669011.01 -1.56031 3.15881
1 1496669011.11 -1.58725 3.11994
1 1496669011.21 -1.60288 3.08252
1 1496669011.31 -1.60437 3.04361
1 1496669011.41 -1.59611 3.00255
1 1496669011.51 -1.57621 2.96007
1 1496669011.61 -1.5472 2.91632
1 1496669011.71 -1.51786 2.87571
1 1496669011.81 -1.49736 2.84127
1 1496669011.91 -1.48989 2.80955
1 1496669012.01 -1.49102 2.77888
1 1496669012.11 -1.50159 2.74608
1 1496669012.21 -1.52093 2.70883
1 1496669012.31 -1.55099 2.6658
1 1496669012.41 -1.58236 2.61891
1 1496669012.51 -1.61462 2.57459
1 1496669012.61 -1.63982 2.53494
1 1496669012.71 -1.65726 2.49828
1 1496669012.81 -1.66855 2.46236
1 1496669012.91 -1.67218 2.42849
1 1496669013.01 -1.66129 2.39877
1 1496669013.11 -1.63602 2.37737
1 1496669013.21 -1.61035 2.36015
1 1496669013.31 -1.59279 2.34128
1 1496669013.41 -1.58329 2.31598
1 1496669013.51 -1.57323 2.2859
1 1496669013.61 -1.55985 2.25142
1 1496669013.71 -1.54296 2.21095
1 1496669013.81 -1.52305 2.16141
1 1496669013.91 -1.49551 2.10872
1 1496669014.01 -1.46592 2.05773
1 1496669014.11 -1.43729 2.01735
1 1496669014.21 -1.40616 1.99096
1 1496669014.31 -1.37142 1.97241
1 1496669014.41 -1.33143 1.96484
1 1496669014.51 -1.28575 1.96747
1 1496669014.61 -1.23444 1.97937
1 1496669014.71 -1.18316 1.99289
1 1496669014.81 -1.13505 2.00889
1 1496669014.91 -1.09496 2.01291
1 1496669015.01 -1.05589 2.0135
1 1496669015.11 -1.0166 2.00778
1 1496669015.21 -0.975123 1.99512
1 1496669015.31 -0.93112 1.97306
1 1496669015.41 -0.884832 1.94336
1 1496669015.51 -0.841247 1.91716
1 1496669015.61 -0.802113 1.89835
1 1496669015.71 -0.764516 1.8937
1 1496669015.81 -0.725395 1.89656
1 1496669015.91 -0.682514 1.90649
1 1496669016.01 -0.634424 1.92171
1 1496669016.11 -0.581942 1.94364
1 1496669016.21 -0.52843 1.96911
1 1496669016.31 -0.479342 2.00371
1 1496669016.41 -0.436086 2.02459
1 1496669016.51 -0.396009 2.03369
1 1496669016.61 -0.355263 2.03441
1 1496669016.71 -0.312317 2.02783
1 1496669016.81 -0.266247 2.01271
1 1496669016.91 -0.217741 1.98985
1 1496669017.01 -0.170323 1.97054
1 1496669017.11 -0.125379 1.95762
1 1496669017.21 -0.0792363 1.95967
1 1496669017.31 -0.0291384 1.96716
1 1496669017.41 0.0259589 1.98001
1 1496669017.51 0.0882185 1.99765
1 1496669017.61 0.159185 2.02171
1 1496669017.71 0.235626 2.04696
1 1496669017.81 0.308404 2.06545
1 1496669017.91 0.366178 2.0705
1 1496669018.01 0.417676 2.06376
1 1496669018.11 0.458341 2.04298
1 1496669018.21 0.485072 2.00966
1 1496669018.31 0.500069 1.96623
1 1496669018.41 0.510862 1.91964
1 1496669018.51 0.515424 1.87661
1 1496669018.61 0.526339 1.83911
1 1496669018.71 0.545133 1.80322
1 1496669018.81 0.569638 1.76432
1 1496669018.91 0.598159 1.72024
1 1496669019.01 0.629631 1.67096
1 1496669019.11 0.668124 1.61671
1 1496669019.21 0.709385 1.559
1 1496669019.31 0.745853 1.50774
1 1496669019.41 0.764977 1.46043
1 1496669019.51 0.772257 1.41148
1 1496669019.61 0.767346 1.35918
1 1496669019.71 0.751682 1.30145
1 1496669019.81 0.726597 1.23762
1 1496669019.91 0.701021 1.17148
1 1496669020.01 0.676761 1.11221
1 1496669020.11 0.667391 1.05722
1 1496669020.21 0.664544 1.00129
1 1496669020.31 0.665965 0.939947
1 1496669020.41 0.673916 0.869806
1 1496669020.51 0.686465 0.791785
1 1496669020.61 0.699972 0.710347
1 1496669020.71 0.711345 0.637521
1 1496669020.81 0.706517 0.573626
1 1496669020.91 0.69238 0.514496
1 1496669021.01 0.663153 0.450419
1 1496669021.11 0.624405 0.378
1 1496669021.21 0.575797 0.290872
1 1496669021.31 0.529029 0.193643
1 1496669021.41 0.496642 0.106257
1 1496669021.51 0.467613 0.0407719
1 1496669021.61 0.450224 -0.00780039
1 1496669021.71 0.442827 -0.0423146
1 1496669021.81 0.448348 -0.0642307
