1496663981515108788 1496663981.52 0.712977 2.632
1496663981515108788 1496663981.52 0.712977 2.632
1496663981715069321 1496663981.72 0.661633 2.709
1496663981715069321 1496663981.72 0.661633 2.709
1496663981715069321 1496663981.72 0.661633 2.709
1496663981715069321 1496663981.72 0.661633 2.709
1496663982115055964 1496663982.12 0.649837 2.833
1496663982115055964 1496663982.12 0.649837 2.833
1496663982283033303 1496663982.28 0.688649 2.899
1496663982283033303 1496663982.28 0.688649 2.899
1496663982283033303 1496663982.28 0.688649 2.899
1496663982283033303 1496663982.28 0.688649 2.899
1496663982683033930 1496663982.68 0.738451 3.017
1496663982683033930 1496663982.68 0.738451 3.017
1496663982883071280 1496663982.88 0.72262 3.093
1496663983083118903 1496663983.08 0.676819 3.146
1496663983083118903 1496663983.08 0.676819 3.146
1496663983247038304 1496663983.25 0.629393 3.201
1496663983247038304 1496663983.25 0.629393 3.201
1496663983447156798 1496663983.45 0.61602 3.257
1496663983447156798 1496663983.45 0.61602 3.257
1496663983647043213 1496663983.65 0.624389 3.286
1496663983647043213 1496663983.65 0.624389 3.286
1496663983847838349 1496663983.85 0.666434 3.346
1496663983847838349 1496663983.85 0.666434 3.346
1496663984015128051 1496663984.02 0.669374 3.377
1496663984015128051 1496663984.02 0.669374 3.377
1496663984215023808 1496663984.22 0.637823 3.409
1496663984215023808 1496663984.22 0.637823 3.409
1496663984415014718 1496663984.42 0.555886 3.409
1496663984415014718 1496663984.42 0.555886 3.409
1496663984415014718 1496663984.42 0.555886 3.409
1496663984415014718 1496663984.42 0.555886 3.409
1496663984783013627 1496663984.78 0.354194 3.409
1496663984783013627 1496663984.78 0.354194 3.409
1496663984983000370 1496663984.98 0.316377 3.409
1496663984983000370 1496663984.98 0.316377 3.409
1496663985182979527 1496663985.18 0.328983 3.409
1496663985382988900 1496663985.38 0.313226 3.409
1496663985382988900 1496663985.38 0.313226 3.409
1496663985552015825 1496663985.55 0.259651 3.409
1496663985552015825 1496663985.55 0.259651 3.409
1496663985750966201 1496663985.75 0.161957 3.409
1496663985750966201 1496663985.75 0.161957 3.409
1496663985914986492 1496663985.91 0.0768686 3.409
1496663985914986492 1496663985.91 0.0768686 3.409
1496663985914986492 1496663985.91 0.0768686 3.409
1496663985914986492 1496663985.91 0.0768686 3.409
1496663985914986492 1496663985.91 0.0768686 3.409
1496663985914986492 1496663985.91 0.0768686 3.409
1496663985914986492 1496663985.91 0.0768686 3.409
1496663986682993847 1496663986.68 0.0768686 3.409
1496663986682993847 1496663986.68 0.0768686 3.409
1496663986682993847 1496663986.68 0.0768686 3.409
1496663986682993847 1496663986.68 0.0768686 3.409
1496663986682993847 1496663986.68 0.0768686 3.409
1496663986682993847 1496663986.68 0.0768686 3.409
1496663987215012131 1496663987.22 -0.279686 3.316
1496663987215012131 1496663987.22 -0.279686 3.316
1496663987215012131 1496663987.22 -0.279686 3.316
1496663987215012131 1496663987.22 -0.279686 3.316
1496663987215012131 1496663987.22 -0.279686 3.316
1496663987215012131 1496663987.22 -0.279686 3.316
1496663987815048582 1496663987.82 -0.350131 3.316
1496663987815048582 1496663987.82 -0.350131 3.316
1496663987815048582 1496663987.82 -0.350131 3.316
1496663987815048582 1496663987.82 -0.350131 3.316
1496663988183009632 1496663988.18 -0.55228 3.316
1496663988382968816 1496663988.38 -0.59236 3.286
1496663988382968816 1496663988.38 -0.59236 3.286
1496663988550979467 1496663988.55 -0.601286 3.316
1496663988550979467 1496663988.55 -0.601286 3.316
1496663988550979467 1496663988.55 -0.601286 3.316
1496663988550979467 1496663988.55 -0.601286 3.316
1496663988550979467 1496663988.55 -0.601286 3.316
1496663988550979467 1496663988.55 -0.601286 3.316
1496663989151076368 1496663989.15 -0.812623 3.316
1496663989151076368 1496663989.15 -0.812623 3.316
1496663989151076368 1496663989.15 -0.812623 3.316
1496663989151076368 1496663989.15 -0.812623 3.316
1496663989515011560 1496663989.52 -0.920063 3.286
1496663989515011560 1496663989.52 -0.920063 3.286
1496663989515011560 1496663989.52 -0.920063 3.286
1496663989515011560 1496663989.52 -0.920063 3.286
1496663989515011560 1496663989.52 -0.920063 3.286
1496663989515011560 1496663989.52 -0.920063 3.286
1496663989515011560 1496663989.52 -0.920063 3.286
1496663989515011560 1496663989.52 -0.920063 3.286
1496663989515011560 1496663989.52 -0.920063 3.286
1496663989515011560 1496663989.52 -0.920063 3.286
1496663989515011560 1496663989.52 -0.920063 3.286
1496663989515011560 1496663989.52 -0.920063 3.286
1496663989515011560 1496663989.52 -0.920063 3.286
1496663989515011560 1496663989.52 -0.920063 3.286
1496663989515011560 1496663989.52 -0.920063 3.286
1496663989515011560 1496663989.52 -0.920063 3.286
1496663989515011560 1496663989.52 -0.920063 3.286
1496663989515011560 1496663989.52 -0.920063 3.286
1496663989515011560 1496663989.52 -0.920063 3.286
1496663989515011560 1496663989.52 -0.920063 3.286
1496663989515011560 1496663989.52 -0.920063 3.286
1496663989515011560 1496663989.52 -0.920063 3.286
1496663989515011560 1496663989.52 -0.920063 3.286
1496663989515011560 1496663989.52 -0.920063 3.286
1496663989515011560 1496663989.52 -0.920063 3.286
1496663989515011560 1496663989.52 -0.920063 3.286
1496663989515011560 1496663989.52 -0.920063 3.286
1496663989515011560 1496663989.52 -0.920063 3.286
1496663989515011560 1496663989.52 -0.920063 3.286
1496663989515011560 1496663989.52 -0.920063 3.286
1496663989515011560 1496663989.52 -0.920063 3.286
1496663989515011560 1496663989.52 -0.920063 3.286
1496663989515011560 1496663989.52 -0.920063 3.286
1496663989515011560 1496663989.52 -0.920063 3.286
1496663989515011560 1496663989.52 -0.920063 3.286
1496663989515011560 1496663989.52 -0.920063 3.286
1496663989515011560 1496663989.52 -0.920063 3.286
1496663989515011560 1496663989.52 -0.920063 3.286
1496663989515011560 1496663989.52 -0.920063 3.286
1496663989515011560 1496663989.52 -0.920063 3.286
1496663989515011560 1496663989.52 -0.920063 3.286
1496663989515011560 1496663989.52 -0.920063 3.286
1496663989515011560 1496663989.52 -0.920063 3.286
1496663989515011560 1496663989.52 -0.920063 3.286
1496663989515011560 1496663989.52 -0.920063 3.286
1496663989515011560 1496663989.52 -0.920063 3.286
1496663989515011560 1496663989.52 -0.920063 3.286
1496663989515011560 1496663989.52 -0.920063 3.286
1496663994282974145 1496663994.28 "1/0" "1/0" -1.06788 2.139
1496663994282974145 1496663994.28 "1/0" "1/0" -1.06788 2.139
1496663994282974145 1496663994.28 "1/0" "1/0" -1.06788 2.139
1496663994282974145 1496663994.28 "1/0" "1/0" -1.06788 2.139
1496663994682936114 1496663994.68 "1/0" "1/0" -0.93777 2.139
1496663994882979410 1496663994.88 "1/0" "1/0" -0.827811 2.127
1496663994882979410 1496663994.88 "1/0" "1/0" -0.827811 2.127
1496663995082919341 1496663995.08 "1/0" "1/0" -0.752829 2.103
1496663995082919341 1496663995.08 "1/0" "1/0" -0.752829 2.103
1496663995250943709 1496663995.25 "1/0" "1/0" -0.739475 2.103
1496663995250943709 1496663995.25 "1/0" "1/0" -0.739475 2.103
1496663995250943709 1496663995.25 "1/0" "1/0" -0.739475 2.103
1496663995450909013 1496663995.45 "1/0" "1/0" -0.704783 2.092
1496663995683008657 1496663995.68 "1/0" "1/0" -0.609914 2.08
1496663995683008657 1496663995.68 "1/0" "1/0" -0.609914 2.08
1496663995882915152 1496663995.88 "1/0" "1/0" -0.478773 2.069
1496663995882915152 1496663995.88 "1/0" "1/0" -0.478773 2.069
1496663996050913309 1496663996.05 "1/0" "1/0" -0.397562 2.058
1496663996050913309 1496663996.05 "1/0" "1/0" -0.397562 2.058
1496663996250995388 1496663996.25 "1/0" "1/0" -0.349382 2.069
1496663996250995388 1496663996.25 "1/0" "1/0" -0.349382 2.069
1496663996451325906 1496663996.45 "1/0" "1/0" -0.317377 2.058
1496663996451325906 1496663996.45 "1/0" "1/0" -0.317377 2.058
1496663996651447805 1496663996.65 "1/0" "1/0" -0.226391 2.047
1496663996651447805 1496663996.65 "1/0" "1/0" -0.226391 2.047
1496663996818931149 1496663996.82 "1/0" "1/0" -0.12537 2.036
1496663996818931149 1496663996.82 "1/0" "1/0" -0.12537 2.036
1496663997018882562 1496663997.02 "1/0" "1/0" -0.0141333 2.015
1496663997018882562 1496663997.02 "1/0" "1/0" -0.0141333 2.015
1496663997218939845 1496663997.22 "1/0" "1/0" 0.0459067 2.004
1496663997218939845 1496663997.22 "1/0" "1/0" 0.0459067 2.004
1496663997382960601 1496663997.38 "1/0" "1/0" 0.0658533 2.004
1496663997382960601 1496663997.38 "1/0" "1/0" 0.0658533 2.004
1496663997418929187 1496663997.42 "1/0" "1/0" 0.0711733 1.994
1496663997418929187 1496663997.42 "1/0" "1/0" 0.0711733 1.994
1496663997818913219 1496663997.82 "1/0" "1/0" 0.244793 1.983
1496663997818913219 1496663997.82 "1/0" "1/0" 0.244793 1.983
1496663998018932035 1496663998.02 "1/0" "1/0" 0.373845 1.953
1496663998018932035 1496663998.02 "1/0" "1/0" 0.373845 1.953
1496663998218942491 1496663998.22 "1/0" "1/0" 0.472039 1.943
1496663998218942491 1496663998.22 "1/0" "1/0" 0.472039 1.943
1496663998382923734 1496663998.38 "1/0" "1/0" 0.508899 1.943
1496663998382923734 1496663998.38 "1/0" "1/0" 0.508899 1.943
1496663998582903494 1496663998.58 "1/0" "1/0" 0.554463 1.924
1496663998582903494 1496663998.58 "1/0" "1/0" 0.554463 1.924
1496663998782912246 1496663998.78 "1/0" "1/0" 0.655217 1.924
1496663998782912246 1496663998.78 "1/0" "1/0" 0.655217 1.924
1496663998782912246 1496663998.78 "1/0" "1/0" 0.655217 1.924
1496663998782912246 1496663998.78 "1/0" "1/0" 0.655217 1.924
1496663998782912246 1496663998.78 "1/0" "1/0" 0.655217 1.924
1496663998782912246 1496663998.78 "1/0" "1/0" 0.655217 1.924
1496663998782912246 1496663998.78 "1/0" "1/0" 0.655217 1.924
1496663998782912246 1496663998.78 "1/0" "1/0" 0.655217 1.924
1496663998782912246 1496663998.78 "1/0" "1/0" 0.655217 1.924
1496663998782912246 1496663998.78 "1/0" "1/0" 0.655217 1.924
1496663998782912246 1496663998.78 "1/0" "1/0" 0.655217 1.924
1496663998782912246 1496663998.78 "1/0" "1/0" 0.655217 1.924
1496663998782912246 1496663998.78 "1/0" "1/0" 0.655217 1.924
1496663998782912246 1496663998.78 "1/0" "1/0" 0.655217 1.924
1496663998782912246 1496663998.78 "1/0" "1/0" 0.655217 1.924
1496663998782912246 1496663998.78 "1/0" "1/0" 0.655217 1.924
1496663998782912246 1496663998.78 "1/0" "1/0" 0.655217 1.924
1496663998782912246 1496663998.78 "1/0" "1/0" 0.655217 1.924
1496663998782912246 1496663998.78 "1/0" "1/0" 0.655217 1.924
1496663998782912246 1496663998.78 "1/0" "1/0" 0.655217 1.924
1496663998782912246 1496663998.78 "1/0" "1/0" 0.655217 1.924
1496663998782912246 1496663998.78 "1/0" "1/0" 0.655217 1.924
1496663998782912246 1496663998.78 "1/0" "1/0" 0.655217 1.924
1496663998782912246 1496663998.78 "1/0" "1/0" 0.655217 1.924
1496663998782912246 1496663998.78 "1/0" "1/0" 0.655217 1.924
1496663998782912246 1496663998.78 "1/0" "1/0" 0.655217 1.924
1496663998782912246 1496663998.78 "1/0" "1/0" 0.655217 1.924
1496663998782912246 1496663998.78 "1/0" "1/0" 0.655217 1.924
1496663998782912246 1496663998.78 "1/0" "1/0" 0.655217 1.924
1496663998782912246 1496663998.78 "1/0" "1/0" 0.655217 1.924
1496663998782912246 1496663998.78 "1/0" "1/0" 0.655217 1.924
1496663998782912246 1496663998.78 "1/0" "1/0" 0.655217 1.924
1496663998782912246 1496663998.78 "1/0" "1/0" 0.655217 1.924
1496663998782912246 1496663998.78 "1/0" "1/0" 0.655217 1.924
1496663998782912246 1496663998.78 "1/0" "1/0" 0.655217 1.924
1496663998782912246 1496663998.78 "1/0" "1/0" 0.655217 1.924
1496663998782912246 1496663998.78 "1/0" "1/0" 0.655217 1.924
1496663998782912246 1496663998.78 "1/0" "1/0" 0.655217 1.924
1496663998782912246 1496663998.78 "1/0" "1/0" 0.655217 1.924
1496663998782912246 1496663998.78 "1/0" "1/0" 0.655217 1.924
1496663998782912246 1496663998.78 "1/0" "1/0" 0.655217 1.924
1496663998782912246 1496663998.78 "1/0" "1/0" 0.655217 1.924
1496663998782912246 1496663998.78 "1/0" "1/0" 0.655217 1.924
1496663998782912246 1496663998.78 "1/0" "1/0" 0.655217 1.924
1496663998782912246 1496663998.78 "1/0" "1/0" 0.655217 1.924
1496663998782912246 1496663998.78 "1/0" "1/0" 0.655217 1.924
1496663998782912246 1496663998.78 "1/0" "1/0" 0.655217 1.924
1496663998782912246 1496663998.78 "1/0" "1/0" 0.655217 1.924
1496663998782912246 1496663998.78 "1/0" "1/0" 0.655217 1.924
1496663998782912246 1496663998.78 "1/0" "1/0" 0.655217 1.924
1496663998782912246 1496663998.78 "1/0" "1/0" 0.655217 1.924
1496663998782912246 1496663998.78 "1/0" "1/0" 0.655217 1.924
1496663998782912246 1496663998.78 "1/0" "1/0" 0.655217 1.924
1496663998782912246 1496663998.78 "1/0" "1/0" 0.655217 1.924
1496663998782912246 1496663998.78 "1/0" "1/0" 0.655217 1.924
1496663998782912246 1496663998.78 "1/0" "1/0" 0.655217 1.924
1496663998782912246 1496663998.78 "1/0" "1/0" 0.655217 1.924
1496663998782912246 1496663998.78 "1/0" "1/0" 0.655217 1.924
1496663998782912246 1496663998.78 "1/0" "1/0" 0.655217 1.924
1496663998782912246 1496663998.78 "1/0" "1/0" 0.655217 1.924
1496663998782912246 1496663998.78 "1/0" "1/0" 0.655217 1.924
1496663998782912246 1496663998.78 "1/0" "1/0" 0.655217 1.924
1496663998782912246 1496663998.78 "1/0" "1/0" 0.655217 1.924
1496663998782912246 1496663998.78 "1/0" "1/0" 0.655217 1.924
1496663998782912246 1496663998.78 "1/0" "1/0" 0.655217 1.924
1496663998782912246 1496663998.78 "1/0" "1/0" 0.655217 1.924
1496663998782912246 1496663998.78 "1/0" "1/0" 0.655217 1.924
