1496663977560757628	1496663977.56	0.830511554625	0.790049562183	
1496663977662618465	1496663977.66	0.820513206951	0.839240343403	
1496663977763005414	1496663977.76	0.815107736307	0.881811229329	
1496663977864343824	1496663977.86	0.810747576719	0.907961478628	
1496663977965094512	1496663977.97	0.805694686044	0.934376862406	
1496663978066949289	1496663978.07	0.819423090907	0.99154230914	
1496663978166008237	1496663978.17	0.81619710439	1.04259956483	
1496663978267861106	1496663978.27	0.812284558691	1.09561645166	
1496663978370754867	1496663978.37	0.803217131597	1.14814220033	
1496663978470524571	1496663978.47	0.794170774498	1.20253081312	
1496663978570321546	1496663978.57	0.783064705553	1.2547825105	
1496663978673013355	1496663978.67	0.772302155944	1.30252226694	
1496663978773785664	1496663978.77	0.760835427485	1.34699342466	
1496663978873926698	1496663978.87	0.750314346147	1.39215691001	
1496663978973214017	1496663978.97	0.737731665128	1.44057685914	
1496663979075345893	1496663979.08	0.72689424683	1.48793710746	
1496663979176600270	1496663979.18	0.716294208269	1.53659583602	
1496663979277626203	1496663979.28	0.707344565149	1.58590549156	
1496663979378481461	1496663979.38	0.706114242607	1.63380664841	
1496663979479588563	1496663979.48	0.714705329684	1.68536000373	
1496663979579935155	1496663979.58	0.719012937081	1.73064595095	
1496663979680925241	1496663979.68	0.719914384639	1.77332880314	
1496663979781656313	1496663979.78	0.719802997891	1.81689194872	
1496663979884518988	1496663979.88	0.716775710895	1.86910223079	
1496663979984258926	1496663979.98	0.713047932516	1.92176429987	
1496663980083980554	1496663980.08	0.712753069998	1.97673705495	
1496663980185700316	1496663980.19	0.708158156915	2.02618112121	
1496663980285633164	1496663980.29	0.704321742356	2.06906175843	
1496663980387764881	1496663980.39	0.702457632017	2.10719507958	
1496663980493795147	1496663980.49	0.704302844776	2.14379877894	
1496663980596613424	1496663980.6	0.707827918445	2.18142409386	
1496663980690547338	1496663980.69	0.711130754029	2.2226651214	
1496663980790827522	1496663980.79	0.720316237335	2.26147673015	
1496663980897089632	1496663980.9	0.730805005723	2.29563051201	
1496663980996694017	1496663981.0	0.742652828032	2.32932220094	
1496663981094799840	1496663981.09	0.750423541125	2.35940079452	
1496663981196010590	1496663981.2	0.75732308943	2.39068957953	
1496663981295993737	1496663981.3	0.759770609701	2.422210038	
1496663981396707995	1496663981.4	0.759251834422	2.4613429357	
1496663981396707995	1496663981.4	0.759251834422	2.4613429357	
1496663981498594414	1496663981.5	0.757823911551	2.50396336245	
1496663981598725823	1496663981.6	0.752430042736	2.54826250425	
1496663981700113214	1496663981.7	0.743724116875	2.59115209187	
1496663981800040865	1496663981.8	0.738208418241	2.63101824419	
1496663981900808451	1496663981.9	0.734068351456	2.67081877717	
1496663982001954044	1496663982.0	0.730193103553	2.71597725171	
1496663982103779068	1496663982.1	0.724945847568	2.73564965476	
1496663982202964173	1496663982.2	0.723267018276	2.76799639167	
1496663982305404168	1496663982.31	0.726676345756	2.80119071469	
1496663982406280844	1496663982.41	0.735871577658	2.82857062455	
1496663982507003099	1496663982.51	0.737650624676	2.85159827974	
1496663982607759480	1496663982.61	0.744521186647	2.87598248205	
1496663982708604453	1496663982.71	0.749561210146	2.90063751757	
1496663982808909599	1496663982.81	0.752464431839	2.91930747353	
1496663982909103043	1496663982.91	0.752464431839	2.91930747353	
1496663983010547359	1496663983.01	0.752464431839	2.91930747353	
1496663983113047858	1496663983.11	0.752464431839	2.91930747353	
1496663983212953615	1496663983.21	0.752464431839	2.91930747353	
1496663983312339516	1496663983.31	0.752464431839	2.91930747353	
1496663983417092261	1496663983.42	0.752464431839	2.91930747353	
1496663983515941818	1496663983.52	0.752464431839	2.91930747353	
1496663983615759314	1496663983.62	0.752464431839	2.91930747353	
1496663983716587368	1496663983.72	0.752464431839	2.91930747353	
1496663992394359036	1496663992.39	-1.19100768131	2.71022940881	"1/0"	"1/0"	
1496663992494772769	1496663992.49	-1.20310509765	2.65450453583	"1/0"	"1/0"	
1496663992594457837	1496663992.59	-1.21388577921	2.61173137907	"1/0"	"1/0"	
1496663992594457837	1496663992.59	-1.21388577921	2.61173137907	"1/0"	"1/0"	
1496663992796984736	1496663992.8	-1.23467470934	2.53255692824	"1/0"	"1/0"	
1496663992796984736	1496663992.8	-1.23467470934	2.53255692824	"1/0"	"1/0"	
1496663992900330031	1496663992.9	-1.24853517038	2.4940913322	"1/0"	"1/0"	
1496663993000576903	1496663993.0	-1.2658470961	2.45210556838	"1/0"	"1/0"	
1496663993100591263	1496663993.1	-1.28136555804	2.40901885206	"1/0"	"1/0"	
1496663993201358583	1496663993.2	-1.28783593251	2.37087543433	"1/0"	"1/0"	
1496663993302456753	1496663993.3	-1.28471082031	2.34220779592	"1/0"	"1/0"	
1496663993401978570	1496663993.4	-1.26585090191	2.32027120725	"1/0"	"1/0"	
1496663993504145737	1496663993.5	-1.23679159339	2.29536062063	"1/0"	"1/0"	
1496663993605342397	1496663993.61	-1.20565804288	2.26865191234	"1/0"	"1/0"	
1496663993706483303	1496663993.71	-1.1726925189	2.24457991917	"1/0"	"1/0"	
1496663993814419553	1496663993.81	-1.13430171536	2.2261356436	"1/0"	"1/0"	
1496663993907684507	1496663993.91	-1.09243150624	2.21152174401	"1/0"	"1/0"	
1496663994009910073	1496663994.01	-1.045262788	2.20241423704	"1/0"	"1/0"	
1496663994110855116	1496663994.11	-1.00226997378	2.19578774897	"1/0"	"1/0"	
1496663994211969362	1496663994.21	-0.968595213533	2.19751829027	"1/0"	"1/0"	
1496663994313392174	1496663994.31	-0.946434857429	2.19877594402	"1/0"	"1/0"	
1496663994416407414	1496663994.42	-0.923682359251	2.20329138539	"1/0"	"1/0"	
1496663994515504925	1496663994.52	-0.894160589104	2.20328006106	"1/0"	"1/0"	
1496663994614347559	1496663994.61	-0.855192900229	2.20106313594	"1/0"	"1/0"	
1496663994717968053	1496663994.72	-0.814867568459	2.19418452523	"1/0"	"1/0"	
1496663994816345013	1496663994.82	-0.770752859775	2.18981536462	"1/0"	"1/0"	
1496663994916124075	1496663994.92	-0.730329843728	2.18091462656	"1/0"	"1/0"	
1496663995019302774	1496663995.02	-0.689112952754	2.17081508919	"1/0"	"1/0"	
1496663995120862644	1496663995.12	-0.650349839564	2.16294381185	"1/0"	"1/0"	
1496663995219429020	1496663995.22	-0.619591153466	2.1585743825	"1/0"	"1/0"	
1496663995320454400	1496663995.32	-0.59850136252	2.1538082704	"1/0"	"1/0"	
1496663995421703349	1496663995.42	-0.5737304707	2.15041884677	"1/0"	"1/0"	
1496663995523588632	1496663995.52	-0.546323235601	2.14482851489	"1/0"	"1/0"	
1496663995626004993	1496663995.63	-0.511685652354	2.14032824266	"1/0"	"1/0"	
1496663995724230042	1496663995.72	-0.476454797302	2.13163838103	"1/0"	"1/0"	
1496663995826243820	1496663995.83	-0.439955990741	2.12309815044	"1/0"	"1/0"	
1496663995926923979	1496663995.93	-0.403712852877	2.11884375567	"1/0"	"1/0"	
1496663996027374216	1496663996.03	-0.361298363369	2.11384206298	"1/0"	"1/0"	
1496663996127377769	1496663996.13	-0.316638920656	2.10981490319	"1/0"	"1/0"	
1496663996227278194	1496663996.23	-0.272007580789	2.10972590335	"1/0"	"1/0"	
1496663996327511230	1496663996.33	-0.243304202322	2.10646770501	"1/0"	"1/0"	
1496663996432695929	1496663996.43	-0.220488698616	2.09883438611	"1/0"	"1/0"	
1496663996530730511	1496663996.53	-0.193078150793	2.09299601436	"1/0"	"1/0"	
1496663996634797134	1496663996.63	-0.154360161073	2.08433573988	"1/0"	"1/0"	
1496663996731515219	1496663996.73	-0.109921200291	2.07335520988	"1/0"	"1/0"	
1496663996833850386	1496663996.83	-0.0648204162436	2.0641381357	"1/0"	"1/0"	
1496663996935850686	1496663996.94	-0.0207738886995	2.05512856234	"1/0"	"1/0"	
1496663997035404590	1496663997.04	0.024612997671	2.04384689158	"1/0"	"1/0"	
1496663997135685281	1496663997.14	0.0699208986215	2.03609495947	"1/0"	"1/0"	
1496663997237170463	1496663997.24	0.115996040714	2.02827710634	"1/0"	"1/0"	
1496663997337608744	1496663997.34	0.144521219586	2.02198107955	"1/0"	"1/0"	
1496663997438917222	1496663997.44	0.168277629933	2.01273277139	"1/0"	"1/0"	
1496663997538874428	1496663997.54	0.194087003989	2.00545525922	"1/0"	"1/0"	
1496663997640388347	1496663997.64	0.229028450275	1.99851575584	"1/0"	"1/0"	
1496663997741449339	1496663997.74	0.267217591534	1.98611458154	"1/0"	"1/0"	
1496663997842002889	1496663997.84	0.306644125345	1.97257827048	"1/0"	"1/0"	
1496663997949324239	1496663997.95	0.34721167259	1.96193129431	"1/0"	"1/0"	
1496663998043225337	1496663998.04	0.394071459346	1.9524772086	"1/0"	"1/0"	
1496663998145637569	1496663998.15	0.445865785946	1.93935156734	"1/0"	"1/0"	
1496663998244046261	1496663998.24	0.495562969061	1.93214464528	"1/0"	"1/0"	
1496663998348083624	1496663998.35	0.533768137158	1.92406147137	"1/0"	"1/0"	
1496663998449164767	1496663998.45	0.5634730544	1.91063571949	"1/0"	"1/0"	
1496663998549575278	1496663998.55	0.589986213266	1.90037590487	"1/0"	"1/0"	
1496663998652111099	1496663998.65	0.620434620677	1.89443563007	"1/0"	"1/0"	
1496663998756461423	1496663998.76	0.657414853942	1.89070115074	"1/0"	"1/0"	
1496663998851827994	1496663998.85	0.692404080793	1.88703203378	"1/0"	"1/0"	
1496663998955107558	1496663998.96	0.731825930727	1.88233698701	"1/0"	"1/0"	
1496663999052433310	1496663999.05	0.771771799909	1.87436915461	"1/0"	"1/0"	
1496663999156392440	1496663999.16	0.811864940797	1.86253638459	"1/0"	"1/0"	
1496663999253409287	1496663999.25	0.851139207255	1.84875163771	"1/0"	"1/0"	
1496663999354976858	1496663999.35	0.881941876771	1.83325302263	"1/0"	"1/0"	
1496663999456404080	1496663999.46	0.897235155181	1.81618429458	"1/0"	"1/0"	
1496663999556662841	1496663999.56	0.902241410445	1.78682889726	"1/0"	"1/0"	
1496663999660933176	1496663999.66	0.904042466674	1.74749342362	"1/0"	"1/0"	
1496663999758068994	1496663999.76	0.904082742447	1.70476819475	"1/0"	"1/0"	
1496663999865699687	1496663999.87	0.903905332484	1.66489045645	"1/0"	"1/0"	
1496663999963374212	1496663999.96	0.901589334051	1.62199831235	"1/0"	"1/0"	
1496664000065802473	1496664000.07	0.903902846861	1.57474599784	"1/0"	"1/0"	
1496664000162551210	1496664000.16	0.903977102359	1.51660518619	"1/0"	"1/0"	
1496664000265173773	1496664000.27	0.906327028083	1.45626729085	"1/0"	"1/0"	
1496664000366306044	1496664000.37	0.909196929083	1.3980237474	"1/0"	"1/0"	
1496664000466846050	1496664000.47	0.912882926236	1.34338877948	"1/0"	"1/0"	
1496664000564276070	1496664000.56	0.915219698408	1.29522247976	"1/0"	"1/0"	
1496664000667160695	1496664000.67	0.89901328987	1.22992989509	"1/0"	"1/0"	
1496664000772164044	1496664000.77	0.884064899484	1.17004994298	"1/0"	"1/0"	
1496664000868077048	1496664000.87	0.871737094881	1.11251681178	"1/0"	"1/0"	
1496664000969801861	1496664000.97	0.86562902083	1.05604999171	"1/0"	"1/0"	
1496664001070602034	1496664001.07	0.862328840448	1.00078051186	"1/0"	"1/0"	
1496664001172624695	1496664001.17	0.86004445374	0.943701356255	"1/0"	"1/0"	
1496664001272396141	1496664001.27	0.858747688303	0.87593127391	"1/0"	"1/0"	
1496664001374722021	1496664001.37	0.853299207361	0.803172074474	"1/0"	"1/0"	
1496664001473480292	1496664001.47	0.849936678058	0.728123614121	"1/0"	"1/0"	
1496664001572460652	1496664001.57	0.843731776107	0.648863895482	"1/0"	"1/0"	
1496664001673456707	1496664001.67	0.836196146538	0.575957175493	"1/0"	"1/0"	
1496664001774832031	1496664001.77	0.829415510852	0.511838824465	"1/0"	"1/0"	
1496664001876902719	1496664001.88	0.821891187988	0.459693660509	"1/0"	"1/0"	
1496664001976961983	1496664001.98	0.821891187988	0.459693660509	"1/0"	"1/0"	
1496664002077751953	1496664002.08	0.821891187988	0.459693660509	"1/0"	"1/0"	0.758830885212	0.278894690273	
1496664002180014865	1496664002.18	0.821891187988	0.459693660509	"1/0"	"1/0"	0.736740367629	0.234327636228	
1496664002279689698	1496664002.28	0.821891187988	0.459693660509	"1/0"	"1/0"	0.722568309891	0.19260940807	
1496664002383940651	1496664002.38	0.821891187988	0.459693660509	"1/0"	"1/0"	0.711024834161	0.155546310146	
1496664002482865887	1496664002.48	0.821891187988	0.459693660509	"1/0"	"1/0"	0.70683264938	0.133827636747	
1496664002583473085	1496664002.58	0.821891187988	0.459693660509	"1/0"	"1/0"	0.701634776345	0.107669522588	
1496664002682701755	1496664002.68	0.821891187988	0.459693660509	"1/0"	"1/0"	0.690520256314	0.0775648107574	
1496664002786061166	1496664002.79	0.821891187988	0.459693660509	"1/0"	"1/0"	0.685152616307	0.0587398200874	
1496664002885914989	1496664002.89	"1/0"	"1/0"	"1/0"	"1/0"	0.685152616307	0.0587398200874	
1496664002990677876	1496664002.99	"1/0"	"1/0"	"1/0"	"1/0"	0.685152616307	0.0587398200874	
1496664003087215003	1496664003.09	"1/0"	"1/0"	"1/0"	"1/0"	0.685152616307	0.0587398200874	
1496664003188402088	1496664003.19	"1/0"	"1/0"	"1/0"	"1/0"	0.685152616307	0.0587398200874	
1496664003289687541	1496664003.29	"1/0"	"1/0"	"1/0"	"1/0"	0.685152616307	0.0587398200874	
