1 1496668579.25 0.611705 0.501415
1 1496668579.35 0.611119 0.55274
1 1496668579.45 0.596998 0.601376
1 1496668579.55 0.578835 0.650222
1 1496668579.65 0.560045 0.701164
1 1496668579.75 0.526608 0.752947
1 1496668579.85 0.496467 0.804474
1 1496668579.95 0.473115 0.857858
1 1496668580.05 0.461456 0.909205
1 1496668580.15 0.462282 0.959842
1 1496668580.25 0.467276 1.01123
1 1496668580.35 0.478018 1.06436
1 1496668580.45 0.493597 1.12135
1 1496668580.55 0.514487 1.18018
1 1496668580.65 0.530149 1.23646
1 1496668580.75 0.535515 1.29152
1 1496668580.85 0.535704 1.34202
1 1496668580.95 0.53193 1.38943
1 1496668581.05 0.519723 1.43724
1 1496668581.15 0.500617 1.48698
1 1496668581.25 0.474683 1.54042
1 1496668581.35 0.453236 1.59503
1 1496668581.45 0.44098 1.64559
1 1496668581.55 0.433865 1.69285
1 1496668581.65 0.435268 1.73732
1 1496668581.75 0.444752 1.78062
1 1496668581.85 0.459194 1.82564
1 1496668581.95 0.478456 1.87515
1 1496668582.06 0.497307 1.92641
1 1496668582.16 0.512409 1.97502
1 1496668582.26 0.518017 2.01425
1 1496668582.36 0.51379 2.04924
1 1496668582.46 0.5028 2.08385
1 1496668582.56 0.484748 2.12088
1 1496668582.66 0.460572 2.16198
1 1496668582.76 0.438026 2.20286
1 1496668582.86 0.423869 2.2408
1 1496668582.96 0.413687 2.27632
1 1496668583.06 0.411023 2.30979
1 1496668583.16 0.418214 2.34119
1 1496668583.26 0.432225 2.3723
1 1496668583.36 0.451883 2.40572
1 1496668583.46 0.474376 2.44124
1 1496668583.56 0.490762 2.47652
1 1496668583.66 0.499568 2.50854
1 1496668583.76 0.496769 2.53737
1 1496668583.86 0.485999 2.56373
1 1496668583.96 0.464916 2.58796
1 1496668584.06 0.434959 2.61104
1 1496668584.16 0.398971 2.63449
1 1496668584.26 0.361516 2.65883
1 1496668584.36 0.326611 2.68243
1 1496668584.46 0.299323 2.7064
1 1496668584.56 0.285451 2.7287
1 1496668584.66 0.283829 2.74738
1 1496668584.76 0.288078 2.76465
1 1496668584.86 0.288044 2.78237
1 1496668584.96 0.280059 2.7983
1 1496668585.06 0.255081 2.81154
1 1496668585.16 0.218349 2.82254
1 1496668585.26 0.166733 2.83289
1 1496668585.36 0.117055 2.84246
1 1496668585.46 0.0741974 2.85187
1 1496668585.56 0.0458474 2.85978
1 1496668585.66 0.0276837 2.86445
1 1496668585.76 0.0163653 2.86683
1 1496668585.86 0.00740051 2.87001
1 1496668585.96 -0.0152503 2.87423
1 1496668586.06 -0.0523403 2.87867
1 1496668586.16 -0.100788 2.88111
1 1496668586.26 -0.161146 2.8855
1 1496668586.36 -0.216796 2.89261
1 1496668586.46 -0.259101 2.90235
1 1496668586.56 -0.284045 2.91151
1 1496668586.66 -0.29493 2.91943
1 1496668586.76 -0.296997 2.92883
1 1496668586.86 -0.305954 2.93914
1 1496668586.96 -0.327321 2.94856
1 1496668587.06 -0.361006 2.95617
1 1496668587.16 -0.406108 2.96131
1 1496668587.26 -0.463542 2.96501
1 1496668587.36 -0.525089 2.96971
1 1496668587.46 -0.575061 2.97606
1 1496668587.56 -0.609728 2.98175
1 1496668587.66 -0.628024 2.98376
1 1496668587.76 -0.629144 2.98195
1 1496668587.86 -0.631621 2.9813
1 1496668587.96 -0.644204 2.97839
1 1496668588.06 -0.674539 2.97688
1 1496668588.16 -0.719628 2.97491
1 1496668588.26 -0.783093 2.97343
1 1496668588.36 -0.847039 2.97044
1 1496668588.46 -0.897763 2.96592
1 1496668588.56 -0.931598 2.9576
1 1496668588.66 -0.948904 2.94477
1 1496668588.76 -0.954754 2.9273
1 1496668588.86 -0.947561 2.90669
1 1496668588.96 -0.940661 2.88503
1 1496668589.06 -0.946961 2.8648
1 1496668589.16 -0.967148 2.84537
1 1496668589.26 -1.00186 2.82516
1 1496668589.36 -1.05191 2.80613
1 1496668589.46 -1.11179 2.78784
1 1496668589.56 -1.16182 2.77042
1 1496668589.66 -1.19844 2.75134
1 1496668589.76 -1.22336 2.72679
1 1496668589.86 -1.23499 2.69586
1 1496668589.96 -1.23659 2.66059
1 1496668590.06 -1.22825 2.62277
1 1496668590.16 -1.21455 2.58523
1 1496668590.26 -1.20701 2.55003
1 1496668590.36 -1.21223 2.51624
1 1496668590.46 -1.22934 2.48231
1 1496668590.56 -1.2584 2.44775
1 1496668590.66 -1.2924 2.4122
1 1496668590.76 -1.32562 2.37942
1 1496668590.86 -1.34785 2.34881
1 1496668590.96 -1.35378 2.31795
1 1496668591.06 -1.34884 2.28752
1 1496668591.16 -1.33304 2.25585
1 1496668591.26 -1.30539 2.22318
1 1496668591.36 -1.26653 2.18983
1 1496668591.46 -1.22331 2.15738
1 1496668591.56 -1.19365 2.12736
1 1496668591.66 -1.18062 2.09812
1 1496668591.76 -1.18216 2.06971
1 1496668591.86 -1.19277 2.04435
1 1496668591.96 -1.19095 2.02282
1 1496668592.06 -1.17514 2.00402
1 1496668592.16 -1.14513 1.98785
1 1496668592.26 -1.09639 1.97381
1 1496668592.36 -1.03269 1.96303
1 1496668592.46 -0.963359 1.95504
1 1496668592.56 -0.903132 1.95037
1 1496668592.66 -0.861584 1.949
1 1496668592.76 -0.838573 1.9489
1 1496668592.86 -0.831227 1.94998
1 1496668592.96 -0.816889 1.95252
1 1496668593.06 -0.788521 1.95387
1 1496668593.16 -0.747462 1.95274
1 1496668593.26 -0.690612 1.95067
1 1496668593.36 -0.62371 1.9491
1 1496668593.46 -0.564913 1.95005
1 1496668593.56 -0.516679 1.95152
1 1496668593.66 -0.48752 1.95319
1 1496668593.76 -0.480243 1.95522
1 1496668593.86 -0.477374 1.95655
1 1496668593.96 -0.4669 1.95493
1 1496668594.06 -0.44427 1.95231
1 1496668594.16 -0.413371 1.94703
1 1496668594.26 -0.366124 1.94062
1 1496668594.36 -0.302802 1.93366
1 1496668594.46 -0.234476 1.92769
1 1496668594.56 -0.175306 1.92183
1 1496668594.66 -0.135236 1.91709
1 1496668594.76 -0.117126 1.91324
1 1496668594.86 -0.11564 1.90991
1 1496668594.96 -0.105291 1.90637
1 1496668595.06 -0.0785646 1.90087
1 1496668595.16 -0.0375435 1.89193
1 1496668595.26 0.0160818 1.88099
1 1496668595.36 0.0862864 1.86956
1 1496668595.46 0.154412 1.85734
1 1496668595.56 0.213081 1.84162
1 1496668595.66 0.250831 1.82435
1 1496668595.77 0.271688 1.80455
1 1496668595.87 0.275174 1.78014
1 1496668595.97 0.276375 1.7546
1 1496668596.07 0.294245 1.7267
1 1496668596.17 0.324089 1.6937
1 1496668596.27 0.366603 1.6564
1 1496668596.37 0.418011 1.61724
1 1496668596.47 0.467429 1.5784
1 1496668596.57 0.502882 1.53525
1 1496668596.67 0.526792 1.48704
1 1496668596.77 0.539734 1.43129
1 1496668596.87 0.537971 1.36787
1 1496668596.97 0.526559 1.2991
1 1496668597.07 0.514234 1.23171
1 1496668597.17 0.504347 1.16723
1 1496668597.27 0.504912 1.10325
1 1496668597.37 0.508641 1.03564
1 1496668597.47 0.521373 0.960813
1 1496668597.57 0.541076 0.877723
1 1496668597.67 0.566469 0.788389
1 1496668597.77 0.584265 0.708747
1 1496668597.87 0.591616 0.63601
1 1496668597.97 0.591238 0.561857
1 1496668598.07 0.582827 0.483941
1 1496668598.17 0.56633 0.396797
1 1496668598.27 0.541562 0.303584
1 1496668598.37 0.517552 0.211658
1 1496668598.47 0.504331 0.133095
1 1496668598.57 0.499467 0.0652918
1 1496668598.67 0.496555 0.000974846
1 1496668598.77 0.505046 -0.0601838
1 1496668598.87 0.518616 -0.125881
1 1496668598.97 0.532866 -0.189377
1 1496668599.07 0.540856 -0.24036
1 1496668599.17 0.553462 -0.280887
1 1496668599.27 0.561447 -0.307923
