1 1496669783.59 0.566614 0.340501
1 1496669783.69 0.570494 0.36389
1 1496669783.79 0.564503 0.386651
1 1496669783.89 0.554475 0.408353
1 1496669783.99 0.544847 0.430754
1 1496669784.09 0.537575 0.458986
1 1496669784.19 0.52694 0.488644
1 1496669784.29 0.516429 0.517653
1 1496669784.39 0.516234 0.545445
1 1496669784.49 0.515309 0.571528
1 1496669784.59 0.520104 0.601155
1 1496669784.69 0.529505 0.633396
1 1496669784.79 0.539549 0.668835
1 1496669784.89 0.541712 0.707527
1 1496669784.99 0.532924 0.745823
1 1496669785.09 0.524009 0.778693
1 1496669785.19 0.510485 0.815412
1 1496669785.29 0.491909 0.85168
1 1496669785.39 0.459536 0.894055
1 1496669785.49 0.427357 0.934994
1 1496669785.59 0.39551 0.977158
1 1496669785.69 0.373289 1.0186
1 1496669785.79 0.362504 1.05781
1 1496669785.89 0.360522 1.09518
1 1496669785.99 0.36524 1.13241
1 1496669786.09 0.371481 1.17346
1 1496669786.19 0.381766 1.21929
1 1496669786.29 0.393784 1.26906
1 1496669786.39 0.407843 1.31642
1 1496669786.49 0.419301 1.35829
1 1496669786.59 0.420319 1.3944
1 1496669786.69 0.415527 1.4262
1 1496669786.79 0.406524 1.45564
1 1496669786.89 0.393518 1.48507
1 1496669786.99 0.372751 1.51833
1 1496669787.09 0.346854 1.55417
1 1496669787.19 0.32342 1.58852
1 1496669787.29 0.310233 1.61964
1 1496669787.39 0.306761 1.64805
1 1496669787.49 0.312371 1.67402
1 1496669787.59 0.324492 1.69989
1 1496669787.69 0.340788 1.72749
1 1496669787.79 0.363679 1.7575
1 1496669787.89 0.384169 1.78792
1 1496669787.99 0.397927 1.81601
1 1496669788.09 0.399591 1.84245
1 1496669788.19 0.395677 1.86634
1 1496669788.29 0.387185 1.89131
1 1496669788.39 0.37163 1.91873
1 1496669788.49 0.34939 1.95059
1 1496669788.59 0.331368 1.98334
1 1496669788.69 0.31912 2.01497
1 1496669788.79 0.321381 2.04481
1 1496669788.89 0.335947 2.07386
1 1496669788.99 0.356716 2.10366
1 1496669789.09 0.383263 2.13584
1 1496669789.19 0.406876 2.16894
1 1496669789.29 0.416495 2.20142
1 1496669789.39 0.412679 2.23384
1 1496669789.49 0.400975 2.26589
1 1496669789.59 0.38231 2.29778
1 1496669789.69 0.355964 2.33143
1 1496669789.79 0.32844 2.36577
1 1496669789.89 0.310524 2.39819
1 1496669789.99 0.305202 2.42994
1 1496669790.09 0.312636 2.45822
1 1496669790.19 0.329102 2.48615
1 1496669790.29 0.351003 2.51712
1 1496669790.39 0.372736 2.55052
1 1496669790.49 0.383844 2.58424
1 1496669790.59 0.380785 2.61807
1 1496669790.69 0.368141 2.65126
1 1496669790.79 0.350384 2.68483
1 1496669790.89 0.327985 2.72213
1 1496669790.99 0.301697 2.7608
1 1496669791.09 0.280976 2.7968
1 1496669791.19 0.269797 2.82973
1 1496669791.29 0.26927 2.85963
1 1496669791.39 0.278349 2.88701
1 1496669791.49 0.291371 2.91512
1 1496669791.59 0.30348 2.94631
1 1496669791.69 0.311973 2.97928
1 1496669791.79 0.313768 3.01015
1 1496669791.89 0.304284 3.03898
1 1496669791.99 0.286972 3.06549
1 1496669792.09 0.258523 3.09115
1 1496669792.19 0.217526 3.11858
1 1496669792.29 0.176103 3.14896
1 1496669792.39 0.14081 3.17871
1 1496669792.49 0.118015 3.20686
1 1496669792.59 0.107081 3.23027
1 1496669792.69 0.0988389 3.25041
1 1496669792.79 0.0899602 3.27007
1 1496669792.89 0.0773596 3.29148
1 1496669792.99 0.0622602 3.31163
1 1496669793.09 0.0304384 3.32945
1 1496669793.19 -0.00756854 3.34183
1 1496669793.29 -0.0556133 3.35066
1 1496669793.39 -0.105036 3.36004
1 1496669793.49 -0.141704 3.37092
1 1496669793.59 -0.161521 3.38286
1 1496669793.69 -0.16815 3.39173
1 1496669793.79 -0.166557 3.39875
1 1496669793.89 -0.168575 3.40622
1 1496669793.99 -0.175355 3.4109
1 1496669794.09 -0.198444 3.41584
1 1496669794.2 -0.230531 3.4193
1 1496669794.29 -0.276944 3.42222
1 1496669794.39 -0.329858 3.4237
1 1496669794.49 -0.37815 3.4241
1 1496669794.59 -0.410749 3.42351
1 1496669794.69 -0.428216 3.42037
1 1496669794.79 -0.43234 3.41415
1 1496669794.9 -0.432636 3.40817
1 1496669794.99 -0.448276 3.4006
1 1496669795.09 -0.476868 3.39249
1 1496669795.19 -0.51512 3.38255
1 1496669795.29 -0.566431 3.3733
1 1496669795.39 -0.617213 3.36597
1 1496669795.49 -0.658423 3.3581
1 1496669795.59 -0.679985 3.34741
1 1496669795.69 -0.69104 3.32993
1 1496669795.79 -0.692401 3.30884
1 1496669795.89 -0.685531 3.28697
1 1496669795.99 -0.677039 3.26505
1 1496669796.09 -0.680173 3.24504
1 1496669796.19 -0.692916 3.22302
1 1496669796.29 -0.717894 3.19896
1 1496669796.39 -0.754058 3.17404
1 1496669796.49 -0.794921 3.14876
1 1496669796.59 -0.829803 3.12461
1 1496669796.69 -0.85215 3.10032
1 1496669796.8 -0.864609 3.07267
1 1496669796.89 -0.866854 3.04078
1 1496669796.99 -0.859249 3.00658
1 1496669797.09 -0.841036 2.96987
1 1496669797.19 -0.819056 2.9327
1 1496669797.29 -0.798553 2.898
1 1496669797.39 -0.794045 2.86599
1 1496669797.49 -0.79863 2.83281
1 1496669797.59 -0.817168 2.79734
1 1496669797.69 -0.84761 2.76122
1 1496669797.79 -0.882061 2.72546
1 1496669797.89 -0.909782 2.69376
1 1496669797.99 -0.923094 2.66223
1 1496669798.09 -0.928291 2.62854
1 1496669798.19 -0.924185 2.5916
1 1496669798.29 -0.912286 2.55185
1 1496669798.39 -0.888567 2.50971
1 1496669798.49 -0.865422 2.46838
1 1496669798.59 -0.847202 2.43151
1 1496669798.69 -0.845654 2.40004
1 1496669798.79 -0.852588 2.36888
1 1496669798.89 -0.870191 2.33776
1 1496669798.99 -0.897558 2.30672
1 1496669799.09 -0.923426 2.27772
1 1496669799.19 -0.939723 2.2527
1 1496669799.29 -0.942443 2.22958
1 1496669799.39 -0.932422 2.20695
1 1496669799.49 -0.910251 2.18623
1 1496669799.59 -0.875586 2.16636
1 1496669799.69 -0.825913 2.14851
1 1496669799.79 -0.773361 2.13409
1 1496669799.89 -0.732423 2.12096
1 1496669799.99 -0.708869 2.11038
1 1496669800.09 -0.701939 2.10401
1 1496669800.19 -0.699818 2.09976
1 1496669800.29 -0.684809 2.09402
1 1496669800.39 -0.655975 2.08813
1 1496669800.49 -0.615084 2.08104
1 1496669800.59 -0.558481 2.07383
1 1496669800.69 -0.497093 2.06703
1 1496669800.79 -0.442157 2.06157
1 1496669800.89 -0.41021 2.05562
1 1496669800.99 -0.399185 2.04915
1 1496669801.09 -0.399936 2.04282
1 1496669801.19 -0.384358 2.03572
1 1496669801.29 -0.360074 2.02944
1 1496669801.39 -0.321813 2.02214
1 1496669801.49 -0.267179 2.01544
1 1496669801.59 -0.203688 2.0114
1 1496669801.69 -0.14376 2.00921
1 1496669801.79 -0.0994273 2.00666
1 1496669801.89 -0.077341 2.00305
1 1496669801.99 -0.0748023 1.99731
1 1496669802.09 -0.0780613 1.99146
1 1496669802.19 -0.0635158 1.98318
1 1496669802.29 -0.0300266 1.97302
1 1496669802.39 0.015744 1.961
1 1496669802.49 0.0772525 1.94817
1 1496669802.59 0.141842 1.93554
1 1496669802.69 0.193887 1.92016
1 1496669802.79 0.224963 1.90012
1 1496669802.89 0.23624 1.87527
1 1496669802.99 0.230591 1.84786
1 1496669803.09 0.230895 1.81603
1 1496669803.19 0.239466 1.77821
1 1496669803.29 0.255495 1.73342
1 1496669803.39 0.284273 1.68305
1 1496669803.49 0.32905 1.62776
1 1496669803.59 0.376481 1.57
1 1496669803.69 0.40488 1.51708
1 1496669803.79 0.426576 1.46304
1 1496669803.89 0.434636 1.40673
1 1496669803.99 0.431675 1.34573
1 1496669804.09 0.415521 1.28149
1 1496669804.19 0.396236 1.21782
1 1496669804.29 0.384509 1.1571
1 1496669804.39 0.387107 1.0961
1 1496669804.49 0.397256 1.02974
1 1496669804.59 0.416236 0.956999
1 1496669804.69 0.441033 0.879325
1 1496669804.79 0.469493 0.801818
1 1496669804.89 0.491349 0.730792
1 1496669804.99 0.496575 0.6629
1 1496669805.09 0.495481 0.590958
1 1496669805.19 0.483774 0.511392
1 1496669805.29 0.462816 0.4251
1 1496669805.39 0.440264 0.337893
1 1496669805.49 0.426052 0.263214
1 1496669805.59 0.420907 0.198576
1 1496669805.69 0.422367 0.136646
1 1496669805.79 0.432515 0.0743141
1 1496669805.89 0.449853 0.00773234
1 1496669805.99 0.47958 -0.0651298
1 1496669806.09 0.505975 -0.134455
1 1496669806.19 0.519974 -0.195105
1 1496669806.29 0.536004 -0.248946
1 1496669806.39 0.550242 -0.291825
1 1496669806.49 0.566817 -0.327896
