1	1497260765.85	1.64404940605	-2.94340658188	
1	1497260765.95	1.64404940605	-2.94340658188	
1	1497260766.05	1.64404940605	-2.94340658188	
1	1497260766.15	1.64404940605	-2.94340658188	
1	1497260766.25	1.64404940605	-2.94340658188	
1	1497260766.35	1.64404940605	-2.94340658188	
1	1497260766.45	1.64404940605	-2.94340658188	
1	1497260766.55	1.64404940605	-2.94340658188	
1	1497260766.65	1.64404940605	-2.94340658188	
1	1497260766.75	1.64404940605	-2.94340658188	
1	1497260766.85	1.64404940605	-2.94340658188	
1	1497260766.95	1.64404940605	-2.94340658188	
1	1497260767.05	1.64404940605	-2.94340658188	
1	1497260767.15	1.64404940605	-2.94340658188	
1	1497260767.25	1.64404940605	-2.94340658188	
1	1497260767.35	1.64404940605	-2.94340658188	
1	1497260767.45	1.45203614235	-2.35902190208	
1	1497260767.55	1.44025218487	-2.3006169796	
1	1497260767.65	1.42972362041	-2.25254583359	
1	1497260767.75	1.43237280846	-2.21336221695	
1	1497260767.85	1.44197785854	-2.1746711731	
1	1497260767.95	1.46075201035	-2.13380289078	
1	1497260768.05	1.49294137955	-2.08962535858	
1	1497260768.15	1.53287243843	-2.04179978371	
1	1497260768.25	1.57500827312	-1.99282610416	
1	1497260768.35	1.61384487152	-1.95338499546	
1	1497260768.45	1.63804101944	-1.91671442986	
1	1497260768.55	1.64638495445	-1.87772774696	
1	1497260768.65	1.64872431755	-1.83339095116	
1	1497260768.75	1.6418941021	-1.78202795982	
1	1497260768.85	1.62705409527	-1.72817802429	
1	1497260768.95	1.61338698864	-1.67084670067	
1	1497260769.05	1.59686493874	-1.61772298813	
1	1497260769.15	1.58387613297	-1.56871628761	
1	1497260769.25	1.5851316452	-1.5233502388	
1	1497260769.35	1.59710097313	-1.47499406338	
1	1497260769.45	1.62370753288	-1.42178356647	
1	1497260769.55	1.66247916222	-1.36719441414	
1	1497260769.65	1.70216417313	-1.3123497963	
1	1497260769.75	1.73571002483	-1.26462745667	
1	1497260769.85	1.75327634811	-1.22027206421	
1	1497260769.95	1.75945067406	-1.17439138889	
1	1497260770.05	1.75881445408	-1.12392151356	
1	1497260770.15	1.74977135658	-1.06737804413	
1	1497260770.25	1.73908007145	-1.00769007206	
1	1497260770.35	1.73250889778	-0.949514865875	
1	1497260770.45	1.72472763062	-0.898182928562	
1	1497260770.55	1.72540891171	-0.853768825531	
1	1497260770.65	1.73273026943	-0.812259912491	
1	1497260770.75	1.74850606918	-0.767528414726	
1	1497260770.85	1.77727651596	-0.712686240673	
1	1497260770.95	1.8140642643	-0.649478673935	
1	1497260771.05	1.85113668442	-0.582648634911	
1	1497260771.15	1.88454258442	-0.531201004982	
1	1497260771.25	1.88454258442	-0.531201004982	
1	1497260771.35	1.88454258442	-0.531201004982	
1	1497260771.45	1.88454258442	-0.531201004982	
1	1497260771.55	1.88454258442	-0.531201004982	
1	1497260771.65	1.88454258442	-0.531201004982	
1	1497260771.75	1.88342440128	-0.235389426351	
1	1497260771.85	1.88342440128	-0.235389426351	
1	1497260771.95	1.82493197918	-0.1490457654	
1	1497260772.05	1.82493197918	-0.1490457654	
1	1497260772.15	1.82493197918	-0.1490457654	
1	1497260772.25	1.71573543549	-0.00692850258201	
1	1497260772.35	1.67111730576	0.0501967035234	
1	1497260772.45	1.62790441513	0.102969743311	
1	1497260772.55	1.59016144276	0.153302207589	
1	1497260772.65	1.55599355698	0.182107463479	
1	1497260772.75	1.52099251747	0.196735441685	
1	1497260772.85	1.48235821724	0.196524217725	
1	1497260772.95	1.43864011765	0.179335922003	
1	1497260773.05	1.39004266262	0.159783810377	
1	1497260773.15	1.33795797825	0.139608517289	
1	1497260773.25	1.28849136829	0.11022810638	
1	1497260773.35	1.24206280708	0.0869931429625	
1	1497260773.45	1.19671738148	0.0805225968361	
1	1497260773.55	1.14979600906	0.0889507457614	
1	1497260773.65	1.09828269482	0.110019810498	
1	1497260773.75	1.04348289967	0.139850303531	
1	1497260773.85	0.986213445663	0.173977017403	
1	1497260773.95	0.933159828186	0.20692589879	
1	1497260774.05	0.886260211468	0.225070148706	
1	1497260774.15	0.84085059166	0.229457914829	
1	1497260774.25	0.792009234428	0.227642968297	
1	1497260774.35	0.738711774349	0.215961366892	
1	1497260774.45	0.681378483772	0.197490245104	
1	1497260774.55	0.621338784695	0.177436426282	
1	1497260774.65	0.56648349762	0.164322689176	
1	1497260774.75	0.517791748047	0.153754234314	
1	1497260774.85	0.472104668617	0.152959644794	
1	1497260774.95	0.42533236742	0.160702541471	
1	1497260775.05	0.373800784349	0.179265812039	
1	1497260775.15	0.314339101315	0.21005435288	
1	1497260775.25	0.249855205417	0.248496815562	
1	1497260775.35	0.185567036271	0.283503711224	
1	1497260775.45	0.127164408565	0.313117086887	
1	1497260775.55	0.075865060091	0.326907992363	
1	1497260775.65	0.0250308904797	0.331913113594	
1	1497260775.75	-0.0245791841298	0.32561570406	
1	1497260775.85	-0.0728430896997	0.308226644993	
1	1497260775.95	-0.120642796159	0.28546923399	
1	1497260776.05	-0.166481330991	0.267230629921	
1	1497260776.15	-0.209591925144	0.254624277353	
1	1497260776.25	-0.252296596766	0.247473493218	
1	1497260776.35	-0.300412595272	0.242523223162	
1	1497260776.45	-0.355937331915	0.234112083912	
1	1497260776.55	-0.421193629503	0.222785100341	
1	1497260776.65	-0.49589818716	0.206278935075	
1	1497260776.75	-0.573229968548	0.182524815202	
1	1497260776.85	-0.645370364189	0.15643234551	
1	1497260776.95	-0.693560242653	0.124265380204	
1	1497260777.05	-0.721241533756	0.0890602096915	
1	1497260777.15	-0.734120428562	0.0504659488797	
1	1497260777.25	-0.72706758976	0.00757617689669	
1	1497260777.35	-0.707440018654	-0.0391330868006	
1	1497260777.45	-0.681021630764	-0.0876496955752	
1	1497260777.55	-0.655037939548	-0.132168367505	
1	1497260777.65	-0.639308989048	-0.17096529901	
1	1497260777.75	-0.636103868484	-0.2059353441	
1	1497260777.85	-0.639157354832	-0.242155119777	
1	1497260777.95	-0.652653872967	-0.281140238047	
1	1497260778.05	-0.676686942577	-0.324043482542	
1	1497260778.15	-0.706892490387	-0.371157616377	
1	1497260778.25	-0.737764120102	-0.418330311775	
1	1497260778.35	-0.767466008663	-0.459741204977	
1	1497260778.45	-0.785925686359	-0.496607303619	
1	1497260778.55	-0.789032995701	-0.530387639999	
1	1497260778.65	-0.783990204334	-0.565845251083	
1	1497260778.75	-0.77073341608	-0.604431450367	
1	1497260778.85	-0.751714169979	-0.644661903381	
1	1497260778.95	-0.731888473034	-0.686742961407	
1	1497260779.05	-0.715176522732	-0.726503074169	
1	1497260779.15	-0.70256114006	-0.760279595852	
1	1497260779.25	-0.699948906898	-0.79359382391	
1	1497260779.35	-0.706313192844	-0.83151948452	
1	1497260779.45	-0.713059186935	-0.877085566521	
1	1497260779.55	-0.71616178751	-0.930401265621	
1	1497260779.65	-0.715935230255	-0.992989659309	
1	1497260779.75	-0.710541188717	-1.06255805492	
1	1497260779.85	-0.698935627937	-1.12871754169	
1	1497260779.95	-0.683719038963	-1.18886697292	
1	1497260780.05	-0.660837173462	-1.23122286797	
1	1497260780.15	-0.630775928497	-1.26153838634	
1	1497260780.25	-0.593412220478	-1.28131735325	
1	1497260780.35	-0.547910869122	-1.28720843792	
1	1497260780.45	-0.496804565191	-1.28115272522	
1	1497260780.55	-0.443044692278	-1.27035045624	
1	1497260780.65	-0.391693949699	-1.25911200047	
1	1497260780.75	-0.344990372658	-1.25101649761	
1	1497260780.85	-0.302220076323	-1.25144612789	
1	1497260780.95	-0.259563654661	-1.256716609	
1	1497260781.05	-0.213343903422	-1.26705467701	
1	1497260781.15	-0.162463530898	-1.28438293934	
1	1497260781.25	-0.107198983431	-1.30859923363	
1	1497260781.35	-0.0491593442857	-1.32982409	
1	1497260781.45	0.00510976929218	-1.35328233242	
1	1497260781.55	0.0540012195706	-1.36391150951	
1	1497260781.65	0.100379303098	-1.36290645599	
1	1497260781.75	0.148654982448	-1.35552048683	
1	1497260781.85	0.200998663902	-1.34016239643	
1	1497260781.95	0.258487641811	-1.31748187542	
1	1497260782.05	0.318646609783	-1.29116988182	
1	1497260782.15	0.378740042448	-1.26449775696	
1	1497260782.25	0.436107218266	-1.23641371727	
1	1497260782.35	0.489588946104	-1.21795475483	
1	1497260782.45	0.542083382607	-1.20735955238	
1	1497260782.55	0.595844984055	-1.20467376709	
1	1497260782.65	0.650636792183	-1.21225059032	
1	1497260782.75	0.702028810978	-1.23304009438	
1	1497260782.85	0.749919831753	-1.25610625744	
1	1497260782.95	0.794646024704	-1.27755177021	
1	1497260783.05	0.8409897089	-1.28855037689	
1	1497260783.15	0.892352044582	-1.29424715042	
1	1497260783.25	0.950134932995	-1.30102479458	
1	1497260783.35	1.01186788082	-1.31577277184	
1	1497260783.45	1.07450401783	-1.33852303028	
1	1497260783.55	1.13892591	-1.36666989326	
1	1497260783.65	1.2026976347	-1.39669430256	
1	1497260783.75	1.26050662994	-1.42883825302	
1	1497260783.85	1.30129873753	-1.46620833874	
1	1497260783.95	1.33108794689	-1.51072871685	
1	1497260784.05	1.34104573727	-1.56491792202	
1	1497260784.15	1.33222687244	-1.62484800816	
1	1497260784.25	1.3132712841	-1.68963527679	
1	1497260784.35	1.28880131245	-1.75264120102	
1	1497260784.45	1.2688344717	-1.80667519569	
1	1497260784.55	1.26227688789	-1.85385382175	
1	1497260784.65	1.26292228699	-1.90127575397	
1	1497260784.75	1.27140140533	-1.95170199871	
1	1497260784.85	1.2897990942	-2.00456738472	
1	1497260784.95	1.31364989281	-2.06094264984	
1	1497260785.05	1.33741891384	-2.11941146851	
1	1497260785.15	1.35870277882	-2.17201209068	
1	1497260785.25	1.36718547344	-2.21912360191	
1	1497260785.35	1.36746370792	-2.26702690125	
1	1497260785.45	1.35922551155	-2.31990075111	
1	1497260785.55	1.34342265129	-2.38031816483	
1	1497260785.65	1.32158792019	-2.44825673103	
1	1497260785.75	1.29437935352	-2.52710151672	
1	1497260785.85	1.27276539803	-2.59386253357	
1	1497260785.95	1.27276539803	-2.59386253357	
1	1497260786.05	1.24776685238	-2.71730065346	
1	1497260786.15	1.24826490879	-2.74603414536	
