1 1496668039.37 0.92203 0.0270222
1 1496668039.47 0.793956 0.384592
1 1496668039.57 0.777418 0.487683
1 1496668039.67 0.765592 0.607766
1 1496668039.77 0.758709 0.748377
1 1496668039.87 0.768419 0.904155
1 1496668039.97 0.783452 1.05149
1 1496668040.07 0.791428 1.18976
1 1496668040.17 0.790118 1.32827
1 1496668040.27 0.778078 1.4658
1 1496668040.37 0.766593 1.59864
1 1496668040.47 0.777244 1.72481
1 1496668040.57 0.802307 1.84984
1 1496668040.67 0.841853 1.97947
1 1496668040.77 0.894793 2.11437
1 1496668040.87 0.957089 2.24571
1 1496668040.97 1.00038 2.36336
1 1496668041.07 1.03103 2.47567
1 1496668041.17 1.05093 2.58674
1 1496668041.27 1.05501 2.69282
1 1496668041.37 1.06037 2.79733
1 1496668041.47 1.08835 2.89612
1 1496668041.57 1.11433 2.99702
1 1496668041.67 1.13731 3.10544
1 1496668041.77 1.15359 3.21705
1 1496668041.87 1.16596 3.33257
1 1496668041.97 1.16858 3.41995
1 1496668042.07 1.16858 3.41995
1 1496668042.17 1.16858 3.41995
1 1496668042.28 1.16858 3.41995
1 1496668042.37 1.16858 3.41995
1 1496668042.48 1.16858 3.41995
1 1496668042.58 1.16858 3.41995
1 1496668042.68 1.16858 3.41995
1 1496668042.78 1.16858 3.41995
1 1496668042.88 1.16858 3.41995
1 1496668042.98 0.845429 3.76289
1 1496668043.08 0.845429 3.76289
1 1496668043.18 0.845429 3.76289
1 1496668043.28 0.680085 3.73652
1 1496668043.38 0.647126 3.72162
1 1496668043.48 0.625523 3.69719
1 1496668043.58 0.611332 3.66618
1 1496668043.68 0.611168 3.62936
1 1496668043.78 0.616103 3.58561
1 1496668043.88 0.621564 3.53941
1 1496668043.98 0.62839 3.49717
1 1496668044.08 0.626297 3.4589
1 1496668044.18 0.616661 3.42076
1 1496668044.28 0.60242 3.37643
1 1496668044.38 0.584526 3.32704
1 1496668044.48 0.562563 3.27383
1 1496668044.58 0.536874 3.21836
1 1496668044.68 0.51576 3.16781
1 1496668044.78 0.498782 3.11992
1 1496668044.89 0.493267 3.07015
1 1496668044.99 0.495067 3.01109
1 1496668045.09 0.506015 2.95015
1 1496668045.19 0.522048 2.88528
1 1496668045.29 0.536832 2.8196
1 1496668045.39 0.551678 2.75944
1 1496668045.49 0.559078 2.70313
1 1496668045.59 0.562093 2.64803
1 1496668045.69 0.558014 2.58885
1 1496668045.79 0.541824 2.52554
1 1496668045.89 0.522086 2.46135
1 1496668045.99 0.50371 2.40354
1 1496668046.09 0.491929 2.35158
1 1496668046.19 0.488436 2.30203
1 1496668046.29 0.492215 2.25184
1 1496668046.39 0.508278 2.19904
1 1496668046.49 0.532963 2.14246
1 1496668046.59 0.566599 2.08271
1 1496668046.69 0.601254 2.02682
1 1496668046.8 0.630478 1.97359
1 1496668046.9 0.647933 1.92532
1 1496668047.0 0.659101 1.87515
1 1496668047.1 0.659988 1.82504
1 1496668047.2 0.647258 1.77735
1 1496668047.3 0.629283 1.73412
1 1496668047.4 0.610839 1.69621
1 1496668047.5 0.60401 1.65372
1 1496668047.6 0.597588 1.60562
1 1496668047.7 0.585992 1.55603
1 1496668047.8 0.567168 1.50556
1 1496668047.9 0.54379 1.45063
1 1496668048.0 0.516009 1.39282
1 1496668048.1 0.485954 1.34142
1 1496668048.2 0.455967 1.29643
1 1496668048.3 0.424972 1.26198
1 1496668048.4 0.389858 1.23825
1 1496668048.5 0.352223 1.23027
1 1496668048.6 0.313072 1.23084
1 1496668048.7 0.269583 1.23164
1 1496668048.8 0.226361 1.23424
1 1496668048.9 0.187632 1.23615
1 1496668049.0 0.146647 1.23212
1 1496668049.1 0.103114 1.22713
1 1496668049.2 0.0560121 1.22574
1 1496668049.3 0.00544827 1.23115
1 1496668049.4 -0.053157 1.24238
1 1496668049.5 -0.118752 1.26201
1 1496668049.6 -0.184778 1.29249
1 1496668049.7 -0.250158 1.3268
1 1496668049.8 -0.297014 1.36808
1 1496668049.9 -0.328218 1.41386
1 1496668050.0 -0.345654 1.46441
1 1496668050.1 -0.347217 1.51751
1 1496668050.2 -0.332835 1.57518
1 1496668050.3 -0.313542 1.63237
1 1496668050.4 -0.304154 1.68596
1 1496668050.5 -0.307149 1.73754
1 1496668050.6 -0.312979 1.79029
1 1496668050.7 -0.322742 1.84658
1 1496668050.8 -0.337072 1.90666
1 1496668050.9 -0.354738 1.96924
1 1496668051.0 -0.372273 2.02796
1 1496668051.1 -0.386481 2.08089
1 1496668051.2 -0.391574 2.13137
1 1496668051.3 -0.392564 2.18351
1 1496668051.4 -0.381465 2.23669
1 1496668051.5 -0.358267 2.28952
1 1496668051.6 -0.331924 2.3392
1 1496668051.7 -0.312081 2.38348
1 1496668051.8 -0.298771 2.42306
1 1496668051.9 -0.286028 2.46155
1 1496668052.0 -0.276288 2.50261
1 1496668052.1 -0.270762 2.54583
1 1496668052.2 -0.268381 2.59084
1 1496668052.3 -0.266407 2.63769
1 1496668052.4 -0.270899 2.67742
1 1496668052.5 -0.269971 2.71592
1 1496668052.6 -0.259985 2.75824
1 1496668052.7 -0.249891 2.80819
1 1496668052.8 -0.245034 2.86701
1 1496668052.9 -0.2506 2.93374
1 1496668053.0 -0.265938 3.00552
1 1496668053.1 -0.294831 3.07602
1 1496668053.2 -0.330042 3.13774
1 1496668053.3 -0.366592 3.19253
1 1496668053.4 -0.404097 3.23093
1 1496668053.5 -0.446467 3.25875
1 1496668053.6 -0.48924 3.27112
1 1496668053.7 -0.530996 3.27129
1 1496668053.8 -0.571269 3.26357
1 1496668053.9 -0.607546 3.25234
1 1496668054.0 -0.643617 3.24167
1 1496668054.1 -0.685295 3.23374
1 1496668054.2 -0.729693 3.2204
1 1496668054.3 -0.776681 3.19957
1 1496668054.4 -0.825913 3.17458
1 1496668054.5 -0.879611 3.1444
1 1496668054.6 -0.927682 3.11186
1 1496668054.7 -0.969372 3.08043
1 1496668054.8 -0.995668 3.04717
1 1496668054.9 -1.01431 3.01068
1 1496668055.0 -1.02498 2.96885
1 1496668055.1 -1.02847 2.92189
1 1496668055.2 -1.028 2.87129
1 1496668055.3 -1.02703 2.81984
1 1496668055.4 -1.02177 2.7713
1 1496668055.5 -1.02436 2.72781
1 1496668055.6 -1.0294 2.68394
1 1496668055.7 -1.03945 2.63866
1 1496668055.8 -1.05834 2.59097
1 1496668055.9 -1.084 2.5423
1 1496668056.0 -1.10741 2.49528
1 1496668056.1 -1.1262 2.45198
1 1496668056.2 -1.13521 2.40951
1 1496668056.3 -1.1399 2.364
1 1496668056.4 -1.13898 2.31519
1 1496668056.5 -1.13298 2.26258
1 1496668056.6 -1.12546 2.2094
1 1496668056.7 -1.11293 2.16044
1 1496668056.8 -1.10612 2.11692
1 1496668056.9 -1.10507 2.07583
1 1496668057.0 -1.10935 2.03384
1 1496668057.1 -1.12196 1.98954
1 1496668057.2 -1.14403 1.94215
1 1496668057.3 -1.1712 1.89327
1 1496668057.4 -1.19585 1.8452
1 1496668057.5 -1.22006 1.80165
1 1496668057.6 -1.23809 1.76062
1 1496668057.7 -1.25389 1.71873
1 1496668057.8 -1.26181 1.67563
1 1496668057.9 -1.25452 1.63354
1 1496668058.0 -1.23499 1.59439
1 1496668058.1 -1.21122 1.55948
1 1496668058.2 -1.18853 1.52365
1 1496668058.3 -1.16901 1.48072
1 1496668058.4 -1.143 1.43152
1 1496668058.5 -1.10512 1.37978
1 1496668058.6 -1.0577 1.32448
1 1496668058.7 -1.00368 1.26567
1 1496668058.8 -0.943342 1.21631
1 1496668058.9 -0.882826 1.17271
1 1496668059.0 -0.817533 1.14439
1 1496668059.11 -0.739072 1.1221
1 1496668059.21 -0.656798 1.11147
1 1496668059.31 -0.568162 1.10852
1 1496668059.41 -0.480701 1.11023
1 1496668059.51 -0.400449 1.10515
1 1496668059.61 -0.322443 1.08545
1 1496668059.71 -0.24367 1.05112
1 1496668059.81 -0.163329 0.998922
1 1496668059.91 -0.0808174 0.93997
1 1496668060.01 -0.0019405 0.889745
1 1496668060.11 0.0757172 0.850336
1 1496668060.21 0.159582 0.812261
1 1496668060.31 0.249913 0.766577
1 1496668060.41 0.338075 0.70573
1 1496668060.51 0.422196 0.634926
1 1496668060.61 0.499169 0.565301
1 1496668060.71 0.55399 0.489498
1 1496668060.81 0.586162 0.40219
1 1496668060.91 0.591045 0.300455
1 1496668061.01 0.573 0.186891
1 1496668061.11 0.55543 0.0848506
1 1496668061.21 0.550507 0.00443821
1 1496668061.31 0.545499 -0.0694816
1 1496668061.41 0.547426 -0.139036
1 1496668061.51 0.558801 -0.20988
1 1496668061.61 0.576791 -0.280492
1 1496668061.71 0.593096 -0.338961
1 1496668061.81 0.611816 -0.38379
1 1496668061.91 0.630245 -0.416563
1 1496668062.01 0.648589 -0.43924
1 1496668062.11 0.666269 -0.448625
