1 1496669860.64 0.594828 0.348205
1 1496669860.74 0.597327 0.378601
1 1496669860.84 0.589586 0.407412
1 1496669860.94 0.574279 0.436441
1 1496669861.04 0.554835 0.468281
1 1496669861.14 0.547261 0.499502
1 1496669861.24 0.546371 0.530954
1 1496669861.34 0.556349 0.56181
1 1496669861.44 0.574918 0.591037
1 1496669861.54 0.600191 0.621356
1 1496669861.64 0.629833 0.65569
1 1496669861.74 0.653449 0.690873
1 1496669861.84 0.659795 0.72554
1 1496669861.94 0.654883 0.758736
1 1496669862.04 0.647741 0.793
1 1496669862.14 0.637663 0.830218
1 1496669862.24 0.612013 0.875368
1 1496669862.34 0.582111 0.924004
1 1496669862.44 0.561604 0.970598
1 1496669862.54 0.552702 1.01256
1 1496669862.64 0.550277 1.05171
1 1496669862.74 0.556681 1.08867
1 1496669862.84 0.570809 1.13065
1 1496669862.94 0.583469 1.1738
1 1496669863.04 0.58293 1.21743
1 1496669863.14 0.566334 1.25905
1 1496669863.24 0.543164 1.29866
1 1496669863.34 0.514978 1.34034
1 1496669863.44 0.494571 1.38087
1 1496669863.54 0.484558 1.41824
1 1496669863.64 0.487225 1.45311
1 1496669863.74 0.499062 1.4869
1 1496669863.84 0.518522 1.52279
1 1496669863.94 0.544533 1.56247
1 1496669864.04 0.564289 1.60405
1 1496669864.14 0.57784 1.64063
1 1496669864.24 0.575263 1.67741
1 1496669864.34 0.567267 1.71165
1 1496669864.44 0.553262 1.74584
1 1496669864.54 0.5319 1.78373
1 1496669864.64 0.509632 1.82196
1 1496669864.74 0.489635 1.85655
1 1496669864.84 0.482937 1.88583
1 1496669864.94 0.489255 1.90949
1 1496669865.04 0.50342 1.9322
1 1496669865.14 0.522982 1.95564
1 1496669865.24 0.54875 1.98175
1 1496669865.34 0.575505 2.00992
1 1496669865.44 0.593382 2.03797
1 1496669865.54 0.59706 2.06744
1 1496669865.64 0.590445 2.09607
1 1496669865.74 0.575742 2.12538
1 1496669865.84 0.558769 2.15771
1 1496669865.94 0.542734 2.18914
1 1496669866.04 0.538091 2.21889
1 1496669866.14 0.54082 2.24891
1 1496669866.24 0.548624 2.27945
1 1496669866.34 0.560555 2.31263
1 1496669866.44 0.575781 2.3482
1 1496669866.54 0.589852 2.38471
1 1496669866.64 0.595887 2.41996
1 1496669866.74 0.583877 2.45536
1 1496669866.84 0.559 2.48925
1 1496669866.94 0.529406 2.5211
1 1496669867.04 0.508998 2.5515
1 1496669867.14 0.501831 2.58259
1 1496669867.24 0.504337 2.61559
1 1496669867.34 0.514976 2.64884
1 1496669867.44 0.529975 2.68289
1 1496669867.54 0.548934 2.71897
1 1496669867.64 0.568669 2.7548
1 1496669867.74 0.578009 2.79023
1 1496669867.84 0.577621 2.82561
1 1496669867.94 0.566271 2.86059
1 1496669868.04 0.546432 2.89705
1 1496669868.14 0.517814 2.93598
1 1496669868.24 0.488341 2.97593
1 1496669868.34 0.462077 3.01261
1 1496669868.44 0.450142 3.04606
1 1496669868.54 0.44982 3.07505
1 1496669868.64 0.456827 3.10195
1 1496669868.74 0.463629 3.13142
1 1496669868.84 0.465365 3.16013
1 1496669868.94 0.454843 3.18433
1 1496669869.04 0.433589 3.20178
1 1496669869.14 0.402326 3.21379
1 1496669869.24 0.358153 3.22243
1 1496669869.34 0.311958 3.23104
1 1496669869.44 0.273944 3.23942
1 1496669869.54 0.252667 3.24694
1 1496669869.64 0.246596 3.2498
1 1496669869.74 0.248562 3.25041
1 1496669869.84 0.253969 3.25083
1 1496669869.94 0.252229 3.25094
1 1496669870.04 0.239641 3.2511
1 1496669870.14 0.222629 3.2488
1 1496669870.24 0.194964 3.24606
1 1496669870.34 0.154436 3.24334
1 1496669870.44 0.107695 3.24227
1 1496669870.54 0.0667224 3.24355
1 1496669870.64 0.0451087 3.24528
1 1496669870.74 0.0369416 3.24661
1 1496669870.84 0.0427238 3.24712
1 1496669870.94 0.0477014 3.24975
1 1496669871.04 0.0447085 3.25251
1 1496669871.14 0.0299476 3.25687
1 1496669871.24 0.0097183 3.25964
1 1496669871.34 -0.0253983 3.26348
1 1496669871.44 -0.0742755 3.26831
1 1496669871.54 -0.125759 3.27423
1 1496669871.64 -0.172155 3.28164
1 1496669871.74 -0.199269 3.28646
1 1496669871.84 -0.214406 3.28989
1 1496669871.94 -0.218705 3.29242
1 1496669872.04 -0.214643 3.2936
1 1496669872.14 -0.207246 3.29451
1 1496669872.24 -0.202116 3.29458
1 1496669872.34 -0.209844 3.29557
1 1496669872.44 -0.226165 3.29595
1 1496669872.54 -0.256466 3.29757
1 1496669872.64 -0.296607 3.30018
1 1496669872.74 -0.330108 3.30322
1 1496669872.84 -0.349425 3.30718
1 1496669872.94 -0.355347 3.31031
1 1496669873.04 -0.345025 3.30958
1 1496669873.14 -0.34424 3.31265
1 1496669873.24 -0.353 3.31458
1 1496669873.34 -0.372189 3.3166
1 1496669873.44 -0.400444 3.31731
1 1496669873.54 -0.443064 3.31817
1 1496669873.64 -0.49808 3.32132
1 1496669873.74 -0.54684 3.32584
1 1496669873.84 -0.577276 3.33095
1 1496669873.94 -0.591371 3.33475
1 1496669874.04 -0.595219 3.33664
1 1496669874.14 -0.595217 3.33832
1 1496669874.24 -0.597365 3.33979
1 1496669874.34 -0.613069 3.34263
1 1496669874.44 -0.63522 3.34448
1 1496669874.54 -0.671802 3.34562
1 1496669874.64 -0.718323 3.34484
1 1496669874.74 -0.771147 3.34572
1 1496669874.84 -0.813196 3.34629
1 1496669874.94 -0.837861 3.34629
1 1496669875.04 -0.847083 3.34339
1 1496669875.14 -0.843587 3.33674
1 1496669875.24 -0.841746 3.33085
1 1496669875.34 -0.852307 3.32526
1 1496669875.44 -0.873319 3.31874
1 1496669875.54 -0.904556 3.31125
1 1496669875.64 -0.952603 3.30564
1 1496669875.74 -1.01425 3.30141
1 1496669875.84 -1.07054 3.29988
1 1496669875.94 -1.10862 3.2994
1 1496669876.04 -1.12882 3.29591
1 1496669876.14 -1.13297 3.28955
1 1496669876.24 -1.1284 3.28316
1 1496669876.34 -1.12028 3.27608
1 1496669876.44 -1.1121 3.26737
1 1496669876.54 -1.11536 3.25605
1 1496669876.64 -1.13006 3.23993
1 1496669876.74 -1.15555 3.22004
1 1496669876.84 -1.18768 3.20072
1 1496669876.94 -1.2094 3.1828
1 1496669877.04 -1.22041 3.16375
1 1496669877.14 -1.22067 3.14039
1 1496669877.24 -1.20557 3.11181
1 1496669877.34 -1.17956 3.07903
1 1496669877.44 -1.15045 3.04301
1 1496669877.54 -1.12717 3.01096
1 1496669877.64 -1.11766 2.98135
1 1496669877.74 -1.11904 2.95081
1 1496669877.84 -1.1298 2.91894
1 1496669877.94 -1.15048 2.88597
1 1496669878.04 -1.17801 2.85093
1 1496669878.14 -1.2076 2.81997
1 1496669878.24 -1.22877 2.79207
1 1496669878.34 -1.24148 2.76536
1 1496669878.44 -1.2464 2.7384
1 1496669878.54 -1.2436 2.70998
1 1496669878.64 -1.23131 2.67893
1 1496669878.74 -1.20967 2.64421
1 1496669878.84 -1.1882 2.60826
1 1496669878.94 -1.1617 2.57354
1 1496669879.04 -1.14224 2.54387
1 1496669879.14 -1.13591 2.51614
1 1496669879.24 -1.13673 2.4852
1 1496669879.34 -1.14906 2.45251
1 1496669879.44 -1.17042 2.41595
1 1496669879.54 -1.19612 2.37681
1 1496669879.64 -1.22074 2.34314
1 1496669879.74 -1.23585 2.31515
1 1496669879.84 -1.2407 2.28737
1 1496669879.94 -1.23549 2.25941
1 1496669880.04 -1.22166 2.23074
1 1496669880.14 -1.193 2.20084
1 1496669880.24 -1.14837 2.16895
1 1496669880.34 -1.10855 2.14076
1 1496669880.44 -1.08526 2.11673
1 1496669880.54 -1.07386 2.09538
1 1496669880.64 -1.07825 2.07836
1 1496669880.74 -1.07993 2.06456
1 1496669880.84 -1.06646 2.05325
1 1496669880.94 -1.03826 2.04184
1 1496669881.04 -0.996696 2.03147
1 1496669881.14 -0.937509 2.02202
1 1496669881.24 -0.876064 2.01519
1 1496669881.34 -0.827589 2.0101
1 1496669881.44 -0.795433 2.00601
1 1496669881.54 -0.780113 2.00193
1 1496669881.64 -0.777438 1.99878
1 1496669881.74 -0.759552 1.9943
1 1496669881.84 -0.724434 1.99076
1 1496669881.94 -0.673958 1.98575
1 1496669882.04 -0.608051 1.98077
1 1496669882.14 -0.534032 1.97681
1 1496669882.24 -0.484163 1.97617
1 1496669882.34 -0.45588 1.97611
1 1496669882.44 -0.451239 1.9763
1 1496669882.54 -0.444754 1.97642
1 1496669882.64 -0.425458 1.97269
1 1496669882.74 -0.392782 1.9689
1 1496669882.84 -0.348144 1.96444
1 1496669882.94 -0.288032 1.95849
1 1496669883.04 -0.224613 1.95453
1 1496669883.14 -0.173858 1.95138
1 1496669883.24 -0.140179 1.9487
1 1496669883.34 -0.125709 1.94509
1 1496669883.44 -0.119127 1.94111
1 1496669883.54 -0.0913606 1.93564
1 1496669883.64 -0.0582822 1.93026
1 1496669883.74 -0.0140055 1.92389
1 1496669883.84 0.047356 1.91656
1 1496669883.94 0.11709 1.90946
1 1496669884.04 0.168837 1.90075
1 1496669884.14 0.204252 1.88911
1 1496669884.24 0.213283 1.87416
1 1496669884.34 0.221727 1.85565
1 1496669884.44 0.238649 1.8275
1 1496669884.54 0.265267 1.78956
1 1496669884.64 0.303867 1.74531
1 1496669884.74 0.361589 1.69715
1 1496669884.84 0.407056 1.64809
1 1496669884.94 0.438222 1.59084
1 1496669885.04 0.456639 1.52588
1 1496669885.14 0.453629 1.45866
1 1496669885.24 0.434098 1.39121
1 1496669885.34 0.422591 1.32676
1 1496669885.44 0.423245 1.25934
1 1496669885.54 0.432132 1.18664
1 1496669885.64 0.450945 1.11079
1 1496669885.74 0.47439 1.03312
1 1496669885.84 0.501465 0.958772
1 1496669885.94 0.510344 0.884175
1 1496669886.04 0.508739 0.806563
1 1496669886.14 0.4868 0.730747
1 1496669886.24 0.45618 0.657018
1 1496669886.34 0.441976 0.587835
1 1496669886.44 0.438467 0.516813
1 1496669886.54 0.444788 0.441256
1 1496669886.64 0.461215 0.36276
1 1496669886.74 0.478703 0.280876
1 1496669886.84 0.493172 0.206601
1 1496669886.94 0.49567 0.134915
1 1496669887.04 0.494568 0.061985
1 1496669887.14 0.485023 -0.0119348
1 1496669887.24 0.468432 -0.0918282
1 1496669887.34 0.451616 -0.169007
1 1496669887.44 0.440479 -0.232753
1 1496669887.54 0.446517 -0.28481
1 1496669887.64 0.471145 -0.321069
