1496668745220013474 1496668745.22 0.730034 1.88231
1496668745300179711 1496668745.3 0.733673 1.9086
1496668745420030735 1496668745.42 0.738553 1.9502
1496668745519983102 1496668745.52 0.750154 2.00014
1496668745600538767 1496668745.6 0.758143 2.03789
1496668745719741114 1496668745.72 0.764273 2.10719
1496668745816250974 1496668745.82 0.767882 2.18393
1496668745896410823 1496668745.9 0.77692 2.23943
1496668746015918662 1496668746.02 0.7891 2.32443
1496668746120297685 1496668746.12 0.792289 2.38794
1496668746200582775 1496668746.2 0.791319 2.42355
1496668746280587578 1496668746.28 0.787162 2.4597
1496668746380613607 1496668746.38 0.782776 2.53872
1496668746502101187 1496668746.5 0.778799 2.60506
1496668746620223158 1496668746.62 0.77638 2.68095
1496668746681060233 1496668746.68 0.777062 2.72414
1496668746804375081 1496668746.8 0.78129 2.78684
1496668746920392506 1496668746.92 0.79171 2.85214
1496668746985900053 1496668746.99 0.800776 2.8903
1496668747104525240 1496668747.1 0.811121 2.94537
1496668747184419326 1496668747.18 0.814373 2.979
1496668747280868912 1496668747.28 0.817111 3.04236
1496668747401710769 1496668747.4 0.813142 3.09234
1496668747480391062 1496668747.48 0.807683 3.14244
1496668747584443456 1496668747.58 0.797902 3.17148
1496668747704539307 1496668747.7 0.77368 3.20893
1496668747784763872 1496668747.78 0.752662 3.24817
1496668747888857915 1496668747.89 0.745644 3.28517
1496668748008755880 1496668748.01 0.720571 3.3148
1496668748088170594 1496668748.09 0.672096 3.3582
1496668748188503997 1496668748.19 0.591002 3.40511
1496668748308644593 1496668748.31 0.539367 3.42726
1496668748388667008 1496668748.39 0.507279 3.44662
1496668748488253839 1496668748.49 0.466473 3.47432
1496668748608486939 1496668748.61 0.429866 3.49296
1496668748688335247 1496668748.69 0.396652 3.50955
1496668748788868650 1496668748.79 0.353158 3.52789
1496668748909259090 1496668748.91 0.303648 3.53095
1496668748988805733 1496668748.99 0.265676 3.53695
1496668749088677429 1496668749.09 0.219754 3.53457
1496668749209503401 1496668749.21 0.172871 3.52962
1496668749288272341 1496668749.29 0.138038 3.52653
1496668749388550010 1496668749.39 0.0883494 3.52829
1496668749508844127 1496668749.51 0.00494089 3.52613
1496668749588032062 1496668749.59 -0.0518029 3.5231
1496668749688398667 1496668749.69 -0.107964 3.51976
1496668749808862135 1496668749.81 -0.155365 3.52284
1496668749887989547 1496668749.89 -0.187292 3.52425
1496668749988491553 1496668749.99 -0.224509 3.50261
1496668750108257576 1496668750.11 -0.249118 3.47447
1496668750187844454 1496668750.19 -0.265716 3.4714
1496668750289124744 1496668750.29 -0.403027 3.48363
1496668750408805777 1496668750.41 -0.461958 3.49441
1496668750488612748 1496668750.49 -0.492919 3.49583
1496668750588640411 1496668750.59 -0.546078 3.49221
1496668750708436464 1496668750.71 -0.578702 3.48859
1496668750788594501 1496668750.79 -0.626187 3.47859
1496668750890328222 1496668750.89 -0.70895 3.45838
1496668751008513100 1496668751.01 -0.771074 3.44853
1496668751089809689 1496668751.09 -0.814239 3.4455
1496668751193870427 1496668751.19 -0.862332 3.45592
1496668751314178821 1496668751.31 -0.911241 3.4642
1496668751391985733 1496668751.39 -0.927258 3.45674
1496668751484518137 1496668751.48 -0.949416 3.42842
1496668751605135910 1496668751.61 -1.02015 3.4214
1496668751684674207 1496668751.68 -1.08727 3.42047
1496668751788791052 1496668751.79 -1.1592 3.42028
1496668751909430552 1496668751.91 -1.20884 3.41703
1496668751988630818 1496668751.99 -1.25021 3.41037
1496668752092610102 1496668752.09 -1.26676 3.41627
1496668752213104186 1496668752.21 -1.32406 3.39761
1496668752294224802 1496668752.29 -1.41085 3.36711
1496668752397505632 1496668752.4 -1.46501 3.34065
1496668752516656055 1496668752.52 -1.50116 3.31291
1496668752620384288 1496668752.62 -1.54244 3.28652
1496668752702934994 1496668752.7 -1.56695 3.276
1496668752781186186 1496668752.78 -1.57396 3.26259
1496668752900838335 1496668752.9 -1.61386 3.23056
1496668753004920764 1496668753.0 -1.64918 3.19696
1496668753084429075 1496668753.08 -1.6654 3.17573
1496668753205661943 1496668753.21 -1.69642 3.14347
1496668753306358959 1496668753.31 -1.71354 3.10986
1496668753385482007 1496668753.39 -1.72083 3.078
1496668753506843947 1496668753.51 -1.72822 3.02567
1496668753605274449 1496668753.61 -1.73079 2.97078
1496668753684350516 1496668753.68 -1.7349 2.9395
1496668753788647006 1496668753.79 -1.73675 2.87659
1496668753908302513 1496668753.91 -1.73616 2.82861
1496668753988334240 1496668753.99 -1.73646 2.79982
1496668754093226355 1496668754.09 -1.7385 2.74618
1496668754213524351 1496668754.21 -1.73824 2.69247
1496668754292556697 1496668754.29 -1.73088 2.6668
1496668754393513042 1496668754.39 -1.72803 2.58954
1496668754513584658 1496668754.51 -1.72405 2.53043
1496668754592523722 1496668754.59 -1.72077 2.49018
1496668754696781531 1496668754.7 -1.71396 2.44273
1496668754817149504 1496668754.82 -1.69944 2.38987
1496668754896168698 1496668754.9 -1.69332 2.36725
1496668755000756336 1496668755.0 -1.68875 2.35042
1496668755120513116 1496668755.12 -1.68507 2.33715
1496668755200547839 1496668755.2 -1.68247 2.32838
1496668755304897366 1496668755.3 -1.68182 2.32222
1496668755383772861 1496668755.38 -1.68182 2.32222
1496668755488167555 1496668755.49 -1.68182 2.32222
1496668755608631363 1496668755.61 -1.68182 2.32222
1496668755687805148 1496668755.69 -1.68182 2.32222
1496668755787875574 1496668755.79 -1.68182 2.32222
1496668755907931750 1496668755.91 -1.68182 2.32222
1496668755987319993 1496668755.99 -1.68182 2.32222
1496668756087655349 1496668756.09 -1.68182 2.32222
1496668756208390631 1496668756.21 -1.68182 2.32222
